1590673359.822817815,-0.0125381,-0.0708609,1.3513
1590673359.849935494,-0.0134144,-0.0709135,1.35273
1590673359.884396479,-0.0145451,-0.0709476,1.35442
1590673359.927690666,-0.015983,-0.0709403,1.35636
1590673359.952094137,-0.0170225,-0.0708893,1.3577
1590673359.985823564,-0.01831,-0.0707876,1.35927
1590673360.026229724,-0.0199279,-0.0706452,1.36104
1590673360.053048437,-0.021317,-0.0704999,1.36244
1590673360.084654240,-0.0229087,-0.0703154,1.36395
1590673360.128409189,-0.0249714,-0.070017,1.36582
1590673360.152277807,-0.0264484,-0.0697641,1.36713
1590673360.186443535,-0.0284,-0.069372,1.36883
1590673360.220306242,-0.0302789,-0.0689547,1.37042
1590673360.253931604,-0.0322282,-0.0684947,1.37199
1590673360.289503481,-0.0343871,-0.0679612,1.37366
1590673360.322972629,-0.036459,-0.0674253,1.37518
1590673360.355200413,-0.0386034,-0.066848,1.37668
1590673360.388734908,-0.0409857,-0.0661684,1.37832
1590673360.422822290,-0.0432659,-0.0654881,1.37984
1590673360.454978164,-0.045615,-0.0647652,1.38136
1590673360.488784497,-0.0482268,-0.0639361,1.383
1590673360.520934192,-0.0507204,-0.0631281,1.38452
1590673360.554986056,-0.0532893,-0.0622802,1.38602
1590673360.587736380,-0.0561138,-0.061305,1.38764
1590673360.627550444,-0.0592058,-0.0601912,1.38937
1590673360.654775908,-0.061527,-0.0593354,1.39065
1590673360.688000964,-0.0645531,-0.0581973,1.39228
1590673360.720569003,-0.0674381,-0.0570947,1.3938
1590673360.754338569,-0.0703791,-0.0559473,1.39532
1590673360.788118045,-0.0735892,-0.0546576,1.39696
1590673360.821743728,-0.0766146,-0.0533964,1.39848
1590673360.853498185,-0.0796943,-0.0520911,1.40001
1590673360.888480418,-0.0828367,-0.0507367,1.40154
1590673360.928607166,-0.0867977,-0.048998,1.4034
1590673360.955731984,-0.0898234,-0.0476401,1.40479
1590673360.987547572,-0.0931545,-0.046115,1.40629
1590673361.021650755,-0.0965378,-0.0445379,1.4078
1590673361.054949032,-0.0999585,-0.0428989,1.40932
1590673361.088091554,-0.10341,-0.041203,1.41084
1590673361.121453307,-0.107161,-0.039307,1.41249
1590673361.155136518,-0.110693,-0.0374929,1.41404
1590673361.187137174,-0.114286,-0.0356296,1.41559
1590673361.223197673,-0.11792,-0.033708,1.41714
1590673361.255796734,-0.12186,-0.0315616,1.41882
1590673361.289414500,-0.125551,-0.0295086,1.42038
1590673361.322485383,-0.129272,-0.0273953,1.42194
1590673361.356206550,-0.133287,-0.0250754,1.42361
1590673361.389061710,-0.137356,-0.0226753,1.42527
1590673361.423887946,-0.141149,-0.0203798,1.42682
1590673361.456117165,-0.144976,-0.0180187,1.42837
1590673361.489554023,-0.148833,-0.0155875,1.42996
1590673361.523305006,-0.152707,-0.0130823,1.43155
1590673361.555948094,-0.156896,-0.0103003,1.43327
1590673361.589262495,-0.160819,-0.00764798,1.43486
1590673361.622404968,-0.164774,-0.00492882,1.43645
1590673361.655653548,-0.169061,-0.00192895,1.43815
1590673361.688966651,-0.173056,0.000936072,1.43976
1590673361.722137787,-0.177068,0.0038733,1.44138
1590673361.756673794,-0.181411,0.0071127,1.44314
1590673361.790490128,-0.185475,0.0101858,1.44477
1590673361.827101673,-0.189886,0.0135657,1.44653
1590673361.859496886,-0.193998,0.0167805,1.44816
1590673361.892029742,-0.198438,0.0203258,1.44991
1590673361.924543026,-0.202571,0.0237002,1.45155
1590673361.956464541,-0.206721,0.0271521,1.45319
1590673361.991381727,-0.211207,0.0309522,1.45497
1590673362.022967243,-0.215389,0.0345549,1.45662
1590673362.057598148,-0.219602,0.0382175,1.45826
1590673362.091981130,-0.224163,0.0422467,1.46003
1590673362.137887731,-0.230365,0.0478614,1.46244
1590673362.171804851,-0.234606,0.051801,1.46409
1590673362.205265489,-0.238858,0.0558271,1.46575
1590673362.239768420,-0.243457,0.0602495,1.46754
1590673362.273932123,-0.247739,0.0644371,1.46921
1590673362.306479884,-0.25205,0.0687209,1.47089
1590673362.338803197,-0.256687,0.073429,1.4727
1590673362.373287755,-0.261008,0.0778899,1.4744
1590673362.404709967,-0.265333,0.0824334,1.4761
1590673362.436991585,-0.269657,0.0870595,1.47779
1590673362.472681956,-0.274312,0.0921387,1.47963
1590673362.505701771,-0.278642,0.0969417,1.48133
1590673362.537980208,-0.282975,0.101841,1.48305
1590673362.573024871,-0.28764,0.107221,1.4849
1590673362.606023936,-0.291959,0.112316,1.48663
1590673362.640295713,-0.296269,0.117505,1.48836
1590673362.673871798,-0.300922,0.123184,1.49021
1590673362.704419447,-0.305237,0.128549,1.49192
1590673362.739013011,-0.309539,0.134004,1.49363
1590673362.772816722,-0.313821,0.13955,1.49534
1590673362.805568677,-0.318417,0.145635,1.4972
1590673362.839349702,-0.322665,0.151375,1.49894
1590673362.873544860,-0.326902,0.157197,1.50068
1590673362.905282070,-0.331449,0.163566,1.50255
1590673362.939035018,-0.335654,0.169578,1.50427
1590673362.970537007,-0.339828,0.175694,1.50601
1590673363.005004561,-0.343982,0.181911,1.50775
1590673363.038344224,-0.348427,0.188722,1.50965
1590673363.071287847,-0.352525,0.195151,1.51142
1590673363.105281791,-0.356597,0.201687,1.51319
1590673363.137880755,-0.360952,0.208849,1.51512
1590673363.170292283,-0.364957,0.215602,1.51692
1590673363.204182111,-0.368924,0.222453,1.51873
1590673363.237303427,-0.373163,0.229945,1.52068
1590673363.272617629,-0.377072,0.237003,1.5225
1590673363.305031070,-0.380942,0.244165,1.5243
1590673363.338460244,-0.384776,0.251435,1.52611
1590673363.370521616,-0.388855,0.259369,1.52807
1590673363.404909803,-0.392612,0.266864,1.52991
1590673363.438616504,-0.396325,0.274466,1.53176
1590673363.471540187,-0.4,0.282184,1.53362
1590673363.503815654,-0.403908,0.290613,1.53563
1590673363.537207553,-0.407496,0.298549,1.53749
1590673363.570015064,-0.411042,0.306588,1.53934
1590673363.602827500,-0.414827,0.315361,1.54135
1590673363.636711788,-0.418293,0.32363,1.54323
1590673363.670565188,-0.421701,0.332017,1.54512
1590673363.703243706,-0.425309,0.341178,1.54717
1590673363.737652147,-0.428605,0.349811,1.54907
1590673363.771244964,-0.43186,0.358565,1.55096
1590673363.802987097,-0.435317,0.368124,1.553
1590673363.837018746,-0.438477,0.377122,1.5549
1590673363.869114916,-0.441582,0.386235,1.5568
1590673363.903963243,-0.444625,0.395477,1.55869
1590673363.936422452,-0.447838,0.405558,1.56072
1590673363.970200872,-0.450761,0.415034,1.56261
1590673364.003827571,-0.453621,0.424629,1.56451
1590673364.037658275,-0.456628,0.435094,1.56655
1590673364.069242816,-0.459344,0.444944,1.56845
1590673364.103318911,-0.461988,0.454918,1.57034
1590673364.136136847,-0.464559,0.465019,1.57222
1590673364.168841825,-0.467262,0.476034,1.57425
1590673364.202022496,-0.469708,0.486391,1.57613
1590673364.237062927,-0.472259,0.49769,1.57815
1590673364.269998791,-0.474541,0.508314,1.58002
1590673364.303924700,-0.476903,0.519896,1.58203
1590673364.335542035,-0.478847,0.529952,1.58377
1590673364.368998112,-0.480874,0.540963,1.58564
1590673364.403194637,-0.482972,0.55296,1.58766
1590673364.436185310,-0.484839,0.564243,1.58952
1590673364.468512991,-0.486626,0.575654,1.59136
1590673364.502394950,-0.48846,0.588092,1.59336
1590673364.535626585,-0.490088,0.599778,1.5952
1590673364.568541459,-0.491633,0.611603,1.59704
1590673364.602680596,-0.493196,0.624495,1.59902
1590673364.635529721,-0.494548,0.636604,1.60084
1590673364.668993463,-0.495811,0.648851,1.60267
1590673364.702779068,-0.497065,0.662191,1.60463
1590673364.735342971,-0.498134,0.674727,1.60647
1590673364.770773660,-0.499115,0.687394,1.6083
1590673364.804085175,-0.500071,0.701182,1.61025
1590673364.839272966,-0.500861,0.714133,1.61206
1590673364.869628611,-0.501559,0.727235,1.61387
1590673364.902061174,-0.502163,0.740491,1.6157
1590673364.942600282,-0.50274,0.755971,1.61781
1590673364.968957031,-0.503104,0.768498,1.6195
1590673365.002006402,-0.503403,0.782208,1.62134
1590673365.034069185,-0.503609,0.796062,1.62319
1590673365.068945684,-0.503712,0.811137,1.62518
1590673365.102072828,-0.5037,0.825287,1.62703
1590673365.134623403,-0.50359,0.839587,1.62888
1590673365.168180685,-0.503353,0.85516,1.63085
1590673365.202110354,-0.503027,0.869771,1.6327
1590673365.235868491,-0.502602,0.884521,1.63455
1590673365.270930926,-0.502006,0.900569,1.63656
1590673365.301954270,-0.501327,0.915633,1.63843

1590673421.997716215,-0.00994166,-0.0694644,1.34243
1590673422.029187322,-0.0106467,-0.0692848,1.34265
1590673422.062795635,-0.0115362,-0.0690608,1.34292
1590673422.110276565,-0.0129746,-0.0686997,1.34334
1590673422.144088500,-0.0140856,-0.0683967,1.34368
1590673422.176974273,-0.0152981,-0.0680489,1.34403
1590673422.210456559,-0.0167171,-0.0676389,1.34442
1590673422.242816306,-0.0181359,-0.0672191,1.34478
1590673422.276097248,-0.0196661,-0.0667683,1.34514
1590673422.310001483,-0.0214227,-0.0662429,1.34552
1590673422.343666918,-0.0231593,-0.0657067,1.34589
1590673422.376648128,-0.0250054,-0.0651318,1.34626
1590673422.410321388,-0.0269523,-0.0645141,1.34664
1590673422.442986653,-0.0291706,-0.0637969,1.34707
1590673422.476011533,-0.0313379,-0.0630882,1.3475
1590673422.510469136,-0.0336022,-0.0623387,1.34793
1590673422.543113809,-0.0361432,-0.0614912,1.34839
1590673422.576511118,-0.0385949,-0.0606574,1.34883
1590673422.611612147,-0.0413397,-0.0597163,1.3493
1590673422.643903143,-0.0440028,-0.0588127,1.34972
1590673422.676242996,-0.0467839,-0.0578764,1.35016
1590673422.710846484,-0.0496818,-0.0569139,1.35062
1590673422.743747211,-0.0526791,-0.0559098,1.35109
1590673422.778680085,-0.0560047,-0.0547705,1.35162
1590673422.812584094,-0.0591959,-0.0536649,1.35212
1590673422.844464207,-0.0624788,-0.0525088,1.35265
1590673422.877209449,-0.0658424,-0.0513134,1.35317
1590673422.910738313,-0.0695535,-0.0499729,1.35373
1590673422.943897983,-0.0731018,-0.0486886,1.35424
1590673422.976758637,-0.0770392,-0.0472748,1.35479
1590673423.010791131,-0.0808017,-0.0459209,1.35531
1590673423.044735222,-0.0846732,-0.044524,1.35584
1590673423.077373688,-0.0889552,-0.0429704,1.35642
1590673423.110558238,-0.0930406,-0.0414812,1.35697
1590673423.143678776,-0.0972177,-0.0399475,1.35753
1590673423.176231598,-0.101481,-0.0383575,1.35809
1590673423.210391358,-0.106178,-0.0365937,1.35869
1590673423.243710702,-0.11062,-0.0349002,1.35926
1590673423.276844702,-0.115158,-0.0331727,1.35984
1590673423.310518453,-0.119787,-0.0314044,1.36041
1590673423.343620121,-0.124877,-0.0294506,1.36106
1590673423.375544397,-0.129718,-0.0276077,1.36168
1590673423.410607693,-0.134668,-0.0257299,1.36233
1590673423.443722392,-0.140124,-0.023658,1.36303
1590673423.477156545,-0.145287,-0.0216789,1.3637
1590673423.511323466,-0.150533,-0.0196408,1.36438
1590673423.544520595,-0.156284,-0.0173948,1.36511
1590673423.576452551,-0.161711,-0.0152713,1.36578
1590673423.609272079,-0.167229,-0.0131052,1.36645
1590673423.644017924,-0.173283,-0.0107247,1.3672
1590673423.676283057,-0.179017,-0.00846518,1.36791
1590673423.709918408,-0.184869,-0.00616556,1.36863
1590673423.743326775,-0.19083,-0.00383099,1.36936
1590673423.776079068,-0.197354,-0.00126892,1.37015
1590673423.809794142,-0.203488,0.00117141,1.37088
1590673423.843352843,-0.209699,0.00366177,1.37161
1590673423.876727895,-0.215996,0.00619882,1.37234
1590673423.910367075,-0.222871,0.00898591,1.37313
1590673423.943329515,-0.229346,0.0116224,1.37387
1590673423.975678930,-0.235916,0.0143039,1.37462
1590673424.008652317,-0.242594,0.0170269,1.37538
1590673424.042290037,-0.249915,0.0200087,1.37621
1590673424.076495713,-0.256822,0.0228365,1.37699
1590673424.110723723,-0.264355,0.0259485,1.37786
1590673424.143024472,-0.271434,0.0289,1.37868
1590673424.176451069,-0.278613,0.0318858,1.37948
1590673424.211577742,-0.286447,0.0351488,1.38035
1590673424.244783912,-0.293815,0.0382285,1.38117
1590673424.277325632,-0.301272,0.0413546,1.38199
1590673424.311729174,-0.309416,0.0447604,1.3829
1590673424.344847468,-0.317095,0.047964,1.38376
1590673424.377354912,-0.324883,0.0512144,1.38462
1590673424.411804524,-0.333359,0.0547785,1.38556
1590673424.446105774,-0.341309,0.058149,1.38643
1590673424.479676866,-0.349955,0.0618345,1.38737
1590673424.512522604,-0.358067,0.0653158,1.38824
1590673424.547017441,-0.366901,0.06913,1.38918
1590673424.579182232,-0.375211,0.0727268,1.39006
1590673424.613336164,-0.383622,0.0763744,1.39095
1590673424.647549615,-0.392799,0.0803546,1.39191
1590673424.681146256,-0.402085,0.0843933,1.39288
1590673424.713229401,-0.410797,0.0882103,1.39379
1590673424.748296114,-0.419591,0.0920916,1.39472
1590673424.782502257,-0.429157,0.096331,1.39573
1590673424.814755399,-0.438127,0.100324,1.39667
1590673424.849386657,-0.447889,0.104689,1.39769
1590673424.882913622,-0.457049,0.108799,1.39863
1590673424.915320483,-0.466305,0.112958,1.39957
1590673424.949091742,-0.475651,0.117174,1.4005
1590673424.983332677,-0.485823,0.12177,1.40151
1590673425.016895980,-0.495365,0.1261,1.40246
1590673425.050537002,-0.505755,0.13082,1.40349
1590673425.084183309,-0.515496,0.135257,1.40447
1590673425.117223904,-0.526077,0.140108,1.40557
1590673425.150860661,-0.535985,0.144675,1.4066
1590673425.184618435,-0.546765,0.149661,1.4077
1590673425.218559835,-0.556882,0.154344,1.40873
1590673425.252217725,-0.56709,0.15908,1.40976
1590673425.285655377,-0.57818,0.164247,1.41086
1590673425.319291783,-0.588573,0.169103,1.41188
1590673425.351808688,-0.599859,0.174399,1.41299
1590673425.386677231,-0.610426,0.179387,1.41404
1590673425.420406881,-0.621072,0.184443,1.41512
1590673425.453732425,-0.632631,0.189951,1.4163
1590673425.486813155,-0.643472,0.195121,1.41741
1590673425.520289572,-0.655261,0.200751,1.41863
1590673425.553343222,-0.666289,0.206037,1.41974
1590673425.586286943,-0.677387,0.211382,1.42085
1590673425.620712727,-0.689427,0.217214,1.42203
1590673425.653408220,-0.700698,0.222678,1.42312
1590673425.688482228,-0.712926,0.228631,1.4243
1590673425.721841112,-0.724359,0.234241,1.42541
1590673425.755864039,-0.736765,0.240365,1.42662
1590673425.790709317,-0.748378,0.246117,1.42776
1590673425.824656806,-0.760086,0.251935,1.42892
1590673425.858748159,-0.772778,0.258278,1.43019
1590673425.890869764,-0.784632,0.264234,1.43136
1590673425.925347798,-0.797474,0.270726,1.43261
1590673425.959317699,-0.809474,0.276815,1.43376
1590673425.991250184,-0.82154,0.282962,1.43491
1590673426.024970270,-0.834605,0.289669,1.43616
1590673426.058274158,-0.846813,0.295981,1.43734
1590673426.091874616,-0.860054,0.302853,1.43864
1590673426.125615211,-0.872443,0.309302,1.43985
1590673426.159277397,-0.885883,0.316317,1.44116
1590673426.192931087,-0.898439,0.322902,1.44238
1590673426.240809789,-0.916895,0.33264,1.44416
1590673426.273190217,-0.930587,0.339896,1.44548
1590673426.307421649,-0.943376,0.346692,1.44672
1590673426.341558130,-0.956239,0.353558,1.44798
1590673426.374368584,-0.970183,0.361021,1.44935
1590673426.407506683,-0.98321,0.368018,1.45064
1590673426.440374377,-0.996328,0.375083,1.45194
1590673426.472867054,-1.00953,0.38221,1.45326
1590673426.507572302,-1.02383,0.389964,1.45469
1590673426.541607343,-1.03718,0.39723,1.45602
1590673426.574042514,-1.05165,0.405119,1.45745
1590673426.606534106,-1.06412,0.41195,1.45868
1590673426.639875677,-1.07874,0.419998,1.46013
1590673426.673707639,-1.09239,0.427544,1.46147
1590673426.707069542,-1.10717,0.435757,1.46293
1590673426.739961419,-1.12097,0.443463,1.46429
1590673426.780670781,-1.13701,0.452436,1.46586
1590673426.805875890,-1.14883,0.459082,1.46702
1590673426.840030136,-1.16394,0.467609,1.46851
1590673426.873880147,-1.17806,0.475586,1.46991
1590673426.907793910,-1.19226,0.483639,1.47132
1590673426.941164504,-1.20763,0.492383,1.47285
1590673426.981960927,-1.22421,0.501841,1.47448
1590673427.006942574,-1.23643,0.508844,1.47568
1590673427.039458701,-1.25207,0.517823,1.47722
1590673427.073354555,-1.26667,0.526232,1.47867
1590673427.106238814,-1.28134,0.534716,1.48012
1590673427.139211099,-1.29606,0.543279,1.48158
1590673427.173666783,-1.31201,0.552576,1.48317
1590673427.206631901,-1.3269,0.56129,1.48467
1590673427.238550538,-1.34187,0.570065,1.48618
1590673427.277415872,-1.35808,0.579599,1.48781
1590673427.307844508,-1.37319,0.588535,1.48933
1590673427.340630879,-1.38839,0.597545,1.49086
1590673427.372327439,-1.40483,0.607324,1.4925
1590673427.406743543,-1.42015,0.616486,1.49404
1590673427.439716919,-1.43555,0.625722,1.49559
1590673427.473461362,-1.45102,0.63503,1.49714
1590673427.506800585,-1.46777,0.645136,1.49883
1590673427.539829234,-1.48341,0.654596,1.5004
1590673427.571407065,-1.49911,0.664137,1.502
1590673427.606392428,-1.51486,0.673766,1.5036
1590673427.639560336,-1.5319,0.684214,1.50533
1590673427.673047747,-1.5478,0.693987,1.50695
1590673427.705202799,-1.56377,0.703827,1.50858
1590673427.738536483,-1.57981,0.713743,1.51021
1590673427.772324710,-1.59716,0.724501,1.51199
1590673427.805256460,-1.61333,0.734571,1.51365
1590673427.840211188,-1.62957,0.744712,1.51531
1590673427.872114276,-1.64715,0.755716,1.51709
1590673427.906313470,-1.66354,0.766008,1.51876
1590673427.941864121,-1.68127,0.777155,1.52058
1590673427.974037674,-1.69781,0.787577,1.52229
1590673428.005999877,-1.71444,0.798073,1.52402
1590673428.040021976,-1.73242,0.809459,1.52591
1590673428.074738983,-1.7505,0.820939,1.52779

1590673460.033449394,-0.00790265,-0.069489,1.34003
1590673460.060665896,-0.00803378,-0.0693259,1.33965
1590673460.092387749,-0.00822654,-0.069156,1.33927
1590673460.126069283,-0.00845388,-0.0689694,1.33888
1590673460.159578213,-0.00869414,-0.0687564,1.3385
1590673460.192782501,-0.0089805,-0.0685067,1.33807
1590673460.239973528,-0.00941582,-0.0681325,1.33746
1590673460.273891859,-0.0097217,-0.0678491,1.33702
1590673460.306946840,-0.0100626,-0.0675129,1.33653
1590673460.340128378,-0.0104237,-0.0671943,1.33606
1590673460.371847831,-0.0108449,-0.0668843,1.33558
1590673460.406384537,-0.0113183,-0.066562,1.33509
1590673460.440214455,-0.0118572,-0.0661891,1.33455
1590673460.472832197,-0.0123681,-0.0658165,1.33404
1590673460.506674954,-0.0128948,-0.06542,1.33353
1590673460.540127386,-0.013481,-0.0649842,1.33295
1590673460.573014841,-0.0140493,-0.0645605,1.33239
1590673460.609256133,-0.0146789,-0.0640809,1.33178
1590673460.640599865,-0.015286,-0.0636148,1.33118
1590673460.673214655,-0.0159396,-0.063121,1.33058
1590673460.707317104,-0.0166343,-0.0626144,1.32998
1590673460.740295755,-0.0174129,-0.0620489,1.32931
1590673460.774942302,-0.0181621,-0.0615004,1.32868
1590673460.809058928,-0.0189358,-0.0609344,1.32804
1590673460.840762532,-0.0197393,-0.0603454,1.32738
1590673460.874388669,-0.0206409,-0.0596908,1.32667
1590673460.907394074,-0.0215043,-0.0590634,1.326
1590673460.940800410,-0.0223887,-0.0584103,1.32532
1590673460.974006242,-0.0233791,-0.0576843,1.32457
1590673461.007278564,-0.0243448,-0.0569988,1.32386
1590673461.040123539,-0.025354,-0.0563054,1.32315
1590673461.074579756,-0.0264746,-0.0555433,1.32234
1590673461.106073742,-0.0275354,-0.0548159,1.32158
1590673461.140593870,-0.0286135,-0.054067,1.32081
1590673461.173776423,-0.0297128,-0.0532985,1.32003
1590673461.207241904,-0.030925,-0.0524519,1.31918
1590673461.239163292,-0.0320761,-0.0516454,1.31838
1590673461.271713557,-0.0332558,-0.0508163,1.31756
1590673461.306899397,-0.0345686,-0.0498999,1.31666
1590673461.340638820,-0.0358222,-0.0490331,1.31581
1590673461.374699853,-0.0371063,-0.048143,1.31495
1590673461.406867582,-0.0384247,-0.0472293,1.31406
1590673461.439445338,-0.0398751,-0.0462155,1.31307
1590673461.473236851,-0.0412571,-0.0452437,1.31214
1590673461.505642776,-0.0426784,-0.0442417,1.31118
1590673461.539922252,-0.044124,-0.043197,1.31022
1590673461.574205313,-0.0456987,-0.0420306,1.30917
1590673461.614367429,-0.0474126,-0.0407473,1.30803
1590673461.640716161,-0.0488093,-0.039691,1.30711
1590673461.678136490,-0.0504758,-0.0384338,1.30602
1590673461.708172018,-0.0520693,-0.0372323,1.30499
1590673461.739866040,-0.0535596,-0.0360989,1.30402
1590673461.773278257,-0.0553194,-0.0347463,1.30288
1590673461.809929362,-0.0570948,-0.0333517,1.30172
1590673461.840384830,-0.0587614,-0.0320279,1.30061
1590673461.874932205,-0.0604575,-0.0306774,1.29949
1590673461.908840056,-0.0623184,-0.0291834,1.29826
1590673461.942047724,-0.064095,-0.0277711,1.29712
1590673461.972028025,-0.0657824,-0.0264472,1.29604
1590673462.006607713,-0.0677833,-0.0248845,1.29477
1590673462.045096191,-0.0698192,-0.0232814,1.29347
1590673462.075157489,-0.0717225,-0.0217514,1.29224
1590673462.105090983,-0.0734977,-0.0203118,1.29108
1590673462.146383388,-0.0757437,-0.018479,1.28961
1590673462.179341110,-0.0777124,-0.0168504,1.28832
1590673462.209400670,-0.0798553,-0.0150498,1.28693
1590673462.239363640,-0.0817184,-0.0134685,1.28573
1590673462.273510960,-0.0837838,-0.0117272,1.28443
1590673462.307683492,-0.0860604,-0.00982668,1.28303
1590673462.339818149,-0.0882131,-0.00803697,1.28171
1590673462.372831518,-0.0903907,-0.00621325,1.28037
1590673462.405323012,-0.092587,-0.0043541,1.279
1590673462.438269280,-0.0949802,-0.00231173,1.27752
1590673462.479435165,-0.0974032,-0.000218971,1.27601
1590673462.511706815,-0.0996774,0.0017624,1.27461
1590673462.544586628,-0.102161,0.00393772,1.2731
1590673462.580013328,-0.104526,0.00599531,1.2717
1590673462.608246748,-0.106959,0.0080693,1.2703
1590673462.641310992,-0.109434,0.0101731,1.26887
1590673462.676571187,-0.112119,0.012478,1.2673
1590673462.709110452,-0.114631,0.0146602,1.2658
1590673462.740209803,-0.116969,0.0167124,1.2644
1590673462.771339644,-0.11972,0.0191309,1.26275
1590673462.806690163,-0.122303,0.021409,1.26121
1590673462.839049024,-0.12492,0.0237275,1.25967
1590673462.872475513,-0.127582,0.0260766,1.25812
1590673462.912134589,-0.130713,0.028826,1.25631
1590673462.945993746,-0.133472,0.0312399,1.25474
1590673462.978697145,-0.136255,0.0336806,1.25314
1590673463.014008743,-0.139266,0.0363324,1.25136
1590673463.048093343,-0.142072,0.0388406,1.24968
1590673463.080599347,-0.145109,0.041591,1.24787
1590673463.114304711,-0.147951,0.0441929,1.2462
1590673463.144457231,-0.150824,0.0468327,1.24453
1590673463.178188732,-0.153959,0.0497186,1.24273
1590673463.208950651,-0.156678,0.0522272,1.24118
1590673463.244644349,-0.159892,0.0551857,1.23935
1590673463.274182431,-0.162907,0.0579657,1.23761
1590673463.309291416,-0.165945,0.0607783,1.23585
1590673463.343735209,-0.169236,0.0638475,1.23392
1590673463.376471978,-0.172312,0.0667299,1.23211
1590673463.409229675,-0.175415,0.069659,1.23031
1590673463.443378101,-0.178562,0.0726325,1.22851
1590673463.477603187,-0.181992,0.0758782,1.22656
1590673463.510820071,-0.185218,0.0789308,1.22472
1590673463.540198805,-0.188483,0.0820143,1.22286
1590673463.575948871,-0.191773,0.0851269,1.22097
1590673463.613366945,-0.195595,0.0887597,1.21877
1590673463.646267889,-0.198927,0.0919511,1.21685
1590673463.680351428,-0.202277,0.095178,1.21493
1590673463.708174211,-0.205659,0.0984372,1.21302
1590673463.738147988,-0.209072,0.101727,1.21111
1590673463.772342902,-0.212518,0.105049,1.2092
1590673463.806618250,-0.215993,0.108408,1.20727
1590673463.839321390,-0.219501,0.111817,1.20532
1590673463.875000816,-0.223585,0.115798,1.20304
1590673463.906213886,-0.226874,0.119011,1.2012
1590673463.939215266,-0.230467,0.122528,1.19919
1590673463.970590526,-0.23409,0.126088,1.19717
1590673464.004327263,-0.237735,0.129694,1.19515
1590673464.035416798,-0.241403,0.133344,1.19312
1590673464.102482165,-1.22011,0.319237,4.85336
1590673464.137193465,-1.20802,0.139974,4.90712
1590673464.170416906,-1.19245,-0.034894,4.95386
1590673464.203766241,-1.17269,-0.21786,4.99753
1590673464.236431671,-1.14871,-0.408935,5.03812
1590673464.269605147,-1.12052,-0.608114,5.07563
1590673464.302683217,-1.08544,-0.831698,5.11259
1590673464.335261144,-1.04847,-1.04773,5.14369
1590673464.368308186,-1.00724,-1.2719,5.17167
1590673464.405004446,-0.958089,-1.52242,5.19831
1590673464.435657986,-0.908026,-1.76351,5.21979
1590673464.468855065,-0.853696,-2.01273,5.23812
1590673464.503296552,-0.795096,-2.27009,5.25332
1590673464.536596550,-0.727199,-2.55633,5.26616
1590673464.569937149,-0.654325,-2.85201,5.27533
1590673464.601865474,-0.587892,-3.11297,5.28027
1590673464.636343882,-0.505749,-3.42619,5.28263
1590673464.669902926,-0.424989,-3.7255,5.28154
1590673464.701363317,-0.339901,-4.03298,5.27724
1590673464.735124673,-0.243429,-4.37324,5.26901
1590673464.770629803,-0.149345,-4.69767,5.25803
1590673464.804246836,-0.0431646,-5.05616,5.24258
1590673464.837351009,0.0599539,-5.39754,5.22488
1590673464.869120728,0.16743,-5.74708,5.20393
1590673464.901023929,0.279279,-6.10479,5.17975
1590673464.935795458,0.395508,-6.47068,5.15231
1590673464.968782897,0.525592,-6.87386,5.11913
1590673465.002454915,0.650948,-7.25674,5.08491
1590673465.036334508,0.780709,-7.64781,5.04739
1590673465.070010616,0.925374,-8.07809,5.00331
1590673465.103846848,1.0643,-8.48615,4.95895
1590673465.134905169,1.20766,-8.90239,4.91128
1590673465.176779293,1.37859,-9.39285,4.85215
1590673465.203220717,1.51961,-9.79309,4.80167
1590673465.237090795,1.68894,-10.2689,4.7392
1590673465.272132103,1.86345,-10.7542,4.67286
1590673465.303604079,2.01715,-11.1778,4.61288
1590673465.342009990,2.21464,-11.7171,4.53386
1590673465.371167321,2.37694,-12.1564,4.46742
1590673465.403258952,2.55708,-12.6401,4.39221
1590673465.438397965,2.75613,-13.1703,4.30742

1590673494.297255977,-0.00172476,-0.07346,1.34272
1590673494.322403874,0.000131335,-0.0746795,1.34263
1590673494.368802581,0.00303554,-0.0765863,1.34249
1590673494.394023054,0.00528205,-0.0780752,1.34239
1590673494.422282277,0.00822484,-0.0800426,1.34226
1590673494.461061155,0.0117266,-0.082411,1.34209
1590673494.493725442,0.0155811,-0.0850274,1.3419
1590673494.523385325,0.019168,-0.087462,1.34173
1590673494.559789929,0.0236848,-0.0905215,1.34153
1590673494.600099324,0.0289025,-0.0940693,1.34132
1590673494.632984543,0.0333569,-0.0971095,1.34114
1590673494.662832800,0.0384767,-0.100605,1.34095
1590673494.691658613,0.0434656,-0.104007,1.34078
1590673494.733141793,0.0500397,-0.108517,1.34056
1590673494.768969066,0.0560509,-0.112637,1.34034
1590673494.800834039,0.0628731,-0.117285,1.3401
1590673494.830938884,0.0700506,-0.122173,1.33984
1590673494.858034443,0.0759336,-0.126181,1.33962
1590673494.890625402,0.0831736,-0.131102,1.33937
1590673494.924459054,0.0907105,-0.136214,1.33913
1590673494.958007579,0.0991485,-0.141946,1.33885
1590673494.991621915,0.107268,-0.147481,1.33859
1590673495.036093495,0.117007,-0.154122,1.33828
1590673495.069141107,0.125782,-0.16009,1.33804
1590673495.099416689,0.135553,-0.166732,1.33779
1590673495.133579915,0.144917,-0.173096,1.33757
1590673495.167199123,0.155318,-0.180173,1.33734
1590673495.202230671,0.165289,-0.186954,1.3371
1590673495.234845642,0.175556,-0.193928,1.33684
1590673495.265939732,0.186099,-0.201097,1.33655
1590673495.301156415,0.196928,-0.208465,1.33626
1590673495.333485463,0.208913,-0.216624,1.33591
1590673495.365188043,0.220379,-0.224427,1.33558
1590673495.400471947,0.232142,-0.232441,1.33524
1590673495.433036546,0.245129,-0.241295,1.33488
1590673495.465071133,0.257502,-0.249712,1.33455
1590673495.512841071,0.276123,-0.262362,1.33408
1590673495.547685046,0.289226,-0.271261,1.33376
1590673495.579819263,0.303635,-0.281075,1.33339
1590673495.612584191,0.31729,-0.290389,1.33303
1590673495.646648768,0.33123,-0.299889,1.33264
1590673495.680509852,0.345452,-0.309579,1.33223
1590673495.711705523,0.361094,-0.320218,1.33177
1590673495.745357097,0.375915,-0.330283,1.33135
1590673495.780405435,0.392184,-0.341324,1.33091
1590673495.813082130,0.407583,-0.351769,1.33051
1590673495.846543696,0.423256,-0.3624,1.3301
1590673495.877401385,0.439211,-0.373219,1.32968
1590673495.905560250,0.454184,-0.383372,1.32929
1590673495.938315744,0.471964,-0.395434,1.32881
1590673495.973374574,0.488773,-0.406825,1.32834
1590673496.016693156,0.5085,-0.420202,1.32776
1590673496.047662005,0.525886,-0.431988,1.32726
1590673496.080120087,0.54354,-0.443947,1.32676
1590673496.110893317,0.561474,-0.45608,1.32626
1590673496.145766184,0.581107,-0.46933,1.32574
1590673496.179772496,0.599622,-0.48182,1.32526
1590673496.211334236,0.618408,-0.494494,1.32477
1590673496.246096023,0.637462,-0.507357,1.32425
1590673496.281586838,0.658281,-0.521415,1.32365
1590673496.314004929,0.677895,-0.534665,1.32308
1590673496.346896162,0.699336,-0.549135,1.32246
1590673496.379796002,0.719539,-0.562752,1.32188
1590673496.413674201,0.740003,-0.576528,1.32131
1590673496.444363790,0.760754,-0.590492,1.32075
1590673496.479146219,0.783385,-0.605708,1.32015
1590673496.512357358,0.804661,-0.620011,1.31959
1590673496.546097741,0.826204,-0.634481,1.31901
1590673496.578889180,0.848037,-0.649122,1.31842
1590673496.610250786,0.87186,-0.66507,1.31776
1590673496.643963595,0.894261,-0.680054,1.31715
1590673496.677714264,0.916918,-0.695204,1.31653
1590673496.713402067,0.941607,-0.711709,1.31586
1590673496.746175688,0.964803,-0.727207,1.31525
1590673496.783452152,0.990074,-0.744086,1.31461
1590673496.811095211,1.01382,-0.759947,1.31401
1590673496.846445108,1.03783,-0.775966,1.3134
1590673496.877931296,1.06399,-0.793406,1.31273
1590673496.904213524,1.08477,-0.807243,1.31217
1590673496.938247803,1.11149,-0.825017,1.31144
1590673496.971177083,1.13658,-0.841685,1.31077
1590673497.004121589,1.16193,-0.858514,1.3101
1590673497.036694372,1.18755,-0.875505,1.30945
1590673497.077020346,1.21743,-0.895313,1.30869
1590673497.114078464,1.24561,-0.913998,1.30796
1590673497.145891796,1.27205,-0.931527,1.30727
1590673497.179511519,1.30082,-0.950595,1.30651
1590673497.214877931,1.32782,-0.968464,1.3058
1590673497.248296627,1.35509,-0.986485,1.30509
1590673497.281115747,1.38473,-1.00607,1.30431
1590673497.316503317,1.41253,-1.02441,1.30358
1590673497.347023861,1.44276,-1.04433,1.30278
1590673497.382483380,1.4711,-1.06299,1.30202
1590673497.415404566,1.49968,-1.0818,1.30124
1590673497.445796499,1.53077,-1.10222,1.30039
1590673497.472529190,1.55541,-1.11839,1.29972
1590673497.507156184,1.58706,-1.13912,1.29887
1590673497.540855524,1.61671,-1.15853,1.29809
1590673497.573337292,1.64891,-1.17959,1.29725
1590673497.608113233,1.67907,-1.19931,1.29647
1590673497.649587870,1.71418,-1.22226,1.29556
1590673497.685671547,1.7449,-1.2423,1.29476
1590673497.715719673,1.77827,-1.26406,1.29388
1590673497.748029847,1.80952,-1.2844,1.29306
1590673497.785539670,1.84345,-1.30648,1.29216
1590673497.817175065,1.87522,-1.32712,1.29134
1590673497.853571240,1.90973,-1.34951,1.29046
1590673497.884462026,1.94201,-1.37046,1.28965
1590673497.916897886,1.97705,-1.39318,1.28877
1590673497.949571374,2.00731,-1.41278,1.28801
1590673497.982713938,2.04034,-1.43416,1.28715
1590673498.017276658,2.07619,-1.45735,1.28621
1590673498.051729880,2.11233,-1.4807,1.28526
1590673498.081719982,2.14616,-1.50253,1.28437
1590673498.116189642,2.18023,-1.5245,1.2835
1590673498.148979784,2.21456,-1.54662,1.28262
1590673498.180907488,2.24913,-1.56887,1.28176
1590673498.214893350,2.28663,-1.59299,1.28082
1590673498.257242939,2.32712,-1.61901,1.27983
1590673498.286630617,2.36248,-1.64169,1.27896
1590673498.323028928,2.40084,-1.66626,1.27802
1590673498.354929522,2.43672,-1.6892,1.27713
1590673498.388580031,2.47285,-1.71227,1.27624
1590673498.423498169,2.51202,-1.73726,1.27528
1590673498.454034262,2.54298,-1.75699,1.27453
1590673498.483462911,2.5827,-1.78228,1.27357
1590673498.515248062,2.61982,-1.80589,1.27268
1590673498.547333264,2.65718,-1.82964,1.27178
1590673498.582705928,2.6977,-1.85535,1.2708
1590673498.617086518,2.73556,-1.87936,1.26988
1590673498.649492536,2.77662,-1.90534,1.26888
1590673498.683355151,2.81499,-1.92959,1.26796
1590673498.715177017,2.8566,-1.95585,1.26696
1590673498.750208436,2.89548,-1.98036,1.26603
1590673498.783834131,2.93763,-2.00689,1.265
1590673498.817616870,2.97702,-2.03166,1.26404
1590673498.850793525,3.01664,-2.05655,1.26308
1590673498.884050760,3.05958,-2.08349,1.26204
1590673498.917292367,3.09967,-2.10863,1.26108
1590673498.951004893,3.14001,-2.13388,1.26011
1590673498.985212971,3.18373,-2.1612,1.25907
1590673499.019290646,3.22456,-2.18667,1.25809
1590673499.053779137,3.26877,-2.21424,1.25703
1590673499.087439846,3.31004,-2.23996,1.25603
1590673499.119145754,3.35473,-2.26779,1.25492
1590673499.154918476,3.39648,-2.29375,1.25389
1590673499.189259483,3.44168,-2.32185,1.25276

1590673521.595304354,-0.00684097,-0.0701815,1.34271
1590673521.630753413,-0.00673934,-0.0703205,1.34239
1590673521.660972302,-0.00662818,-0.0704752,1.34213
1590673521.701059012,-0.00648156,-0.0707116,1.34179
1590673521.727954133,-0.00636292,-0.0709471,1.34149
1590673521.762332234,-0.00623469,-0.071252,1.34115
1590673521.797198115,-0.00607503,-0.0716395,1.34076
1590673521.829290243,-0.00591784,-0.0720446,1.34038
1590673521.864620882,-0.00574937,-0.0725331,1.33995
1590673521.897807460,-0.00557246,-0.0730322,1.33954
1590673521.945846967,-0.00525118,-0.0738328,1.33896
1590673521.980024736,-0.00498074,-0.074477,1.33852
1590673522.012918700,-0.00471935,-0.0751181,1.33808
1590673522.045864880,-0.00445683,-0.0758093,1.33763
1590673522.080270277,-0.00415368,-0.0766075,1.3371
1590673522.112995734,-0.00385766,-0.0774017,1.33659
1590673522.146891093,-0.003562,-0.0782458,1.33607
1590673522.178194939,-0.00327742,-0.0791444,1.33552
1590673522.213246906,-0.00295592,-0.0801596,1.33493
1590673522.245635360,-0.00263854,-0.0811506,1.33439
1590673522.279582874,-0.00230246,-0.0821868,1.33384
1590673522.312800012,-0.0019104,-0.08335,1.33326
1590673522.344280480,-0.00153018,-0.0844765,1.33272
1590673522.386702056,-0.00107074,-0.0858308,1.33209
1590673522.414487158,-0.000697249,-0.0869506,1.33155
1590673522.445405666,-0.000293466,-0.0882035,1.33094
1590673522.482293784,0.000130374,-0.0895974,1.33027
1590673522.512536701,0.000492544,-0.090833,1.32968
1590673522.546948976,0.000929773,-0.0923154,1.32897
1590673522.579638056,0.00135727,-0.0937349,1.3283
1590673522.612052509,0.00181566,-0.0952013,1.32763
1590673522.645662103,0.00232804,-0.0968292,1.32691
1590673522.678026221,0.00282134,-0.0983807,1.32623
1590673522.713643066,0.00338143,-0.100095,1.32547
1590673522.744937978,0.00391126,-0.101723,1.32476
1590673522.779075242,0.0044452,-0.10339,1.32403
1590673522.817522009,0.00503251,-0.105216,1.32323
1590673522.848003584,0.00559973,-0.106948,1.32248
1590673522.882760962,0.00618333,-0.108717,1.32172
1590673522.912142479,0.00678481,-0.11052,1.32096
1590673522.947443236,0.00745438,-0.1125,1.32014
1590673522.979234709,0.00809225,-0.114377,1.31935
1590673523.011856548,0.00874755,-0.116282,1.31856
1590673523.045619644,0.00940899,-0.11822,1.31775
1590673523.078097972,0.0100614,-0.12019,1.31692
1590673523.112012165,0.0107734,-0.122338,1.31601
1590673523.144968624,0.0114479,-0.124368,1.31514
1590673523.178605750,0.0121261,-0.126412,1.31427
1590673523.211772829,0.0128687,-0.12866,1.31331
1590673523.244944039,0.0135639,-0.130794,1.3124
1590673523.279630308,0.0143348,-0.133138,1.31142
1590673523.310258205,0.0150228,-0.135184,1.31057
1590673523.346433803,0.0158221,-0.137612,1.30958
1590673523.377615257,0.016553,-0.139904,1.30863
1590673523.410292398,0.0172868,-0.142232,1.30768
1590673523.445323001,0.0181045,-0.144782,1.30666
1590673523.478851844,0.0188949,-0.147185,1.30569
1590673523.511845449,0.0196993,-0.149625,1.30469
1590673523.544483662,0.0205712,-0.152281,1.3036
1590673523.578387085,0.0214014,-0.154781,1.30258
1590673523.611334598,0.0222495,-0.157317,1.30157
1590673523.643952247,0.0231626,-0.160073,1.30048
1590673523.678992217,0.0240022,-0.162672,1.29946
1590673523.717663429,0.0249172,-0.165508,1.29834
1590673523.744985918,0.0257868,-0.168183,1.29729
1590673523.780478640,0.0266834,-0.170884,1.29622
1590673523.811643358,0.0275841,-0.173618,1.29512
1590673523.846639300,0.0285564,-0.176607,1.29394
1590673523.877452957,0.0294757,-0.179416,1.29286
1590673523.909859282,0.0304155,-0.182265,1.29177
1590673523.945084150,0.031358,-0.185149,1.29067
1590673523.981719018,0.032373,-0.188284,1.28948
1590673524.011395456,0.0333187,-0.191226,1.28835
1590673524.044721926,0.0342927,-0.194201,1.28721
1590673524.082151826,0.0353686,-0.197437,1.28597
1590673524.110893891,0.0363732,-0.200482,1.28481
1590673524.152716618,0.0374718,-0.203818,1.28355
1590673524.176916200,0.038424,-0.206704,1.28245
1590673524.218106879,0.0396334,-0.210352,1.28108
1590673524.244008701,0.0406127,-0.213304,1.27997
1590673524.285321639,0.0418573,-0.217048,1.27857
1590673524.310622344,0.0427795,-0.219823,1.27752
1590673524.343855042,0.0439663,-0.223386,1.27618
1590673524.377939352,0.0450775,-0.226734,1.27493
1590673524.411506688,0.0462969,-0.230392,1.27357
1590673524.443788918,0.0474381,-0.233829,1.27229
1590673524.481308160,0.0486658,-0.237572,1.2709
1590673524.510272120,0.0497175,-0.240813,1.26969
1590673524.544145396,0.0509418,-0.244632,1.26825
1590673524.576500815,0.0520878,-0.248215,1.26689
1590673524.610776497,0.0532373,-0.251835,1.26552
1590673524.642412849,0.0543963,-0.255489,1.26414
1590673524.677722270,0.0555663,-0.259176,1.26277
1590673524.711105310,0.0568291,-0.26318,1.26129
1590673524.743067849,0.0579989,-0.266929,1.25991
1590673524.777488535,0.0591661,-0.270709,1.25853
1590673524.810405107,0.0604317,-0.274816,1.25702
1590673524.845467739,0.0616135,-0.27866,1.25559
1590673524.878183453,0.0628901,-0.282837,1.25403
1590673524.910629263,0.0640876,-0.286748,1.25257
1590673524.943420088,0.0652939,-0.29069,1.25111
1590673524.975792095,0.0665084,-0.294662,1.24965
1590673525.010467144,0.0678275,-0.298967,1.24808
1590673525.043429536,0.0690489,-0.302994,1.24662
1590673525.077050602,0.070273,-0.307048,1.24514
1590673525.110628440,0.0715867,-0.31144,1.24354
1590673525.143847738,0.0728054,-0.315545,1.24205
1590673525.176261043,0.0740197,-0.319666,1.24054
1590673525.210898341,0.0752313,-0.323808,1.23902
1590673525.243653778,0.0765419,-0.328303,1.23735
1590673525.277300044,0.077763,-0.332503,1.2358
1590673525.310495686,0.0789828,-0.336736,1.23425
1590673525.350422688,0.0803845,-0.341669,1.23246
1590673525.376410824,0.0814826,-0.345641,1.23101
1590673525.410519861,0.082666,-0.349971,1.22943
1590673525.442304337,0.0838448,-0.354334,1.22783
1590673525.476761647,0.0850981,-0.359061,1.22607
1590673525.509890666,0.0862653,-0.363465,1.22443
1590673525.543767010,0.0874306,-0.367895,1.22275
1590673525.576902297,0.0886866,-0.372689,1.22094
1590673525.609788528,0.0898611,-0.377173,1.21925
1590673525.642173503,0.0910454,-0.381677,1.21755
1590673525.677104695,0.0923105,-0.386558,1.21572
1590673525.713969673,0.0935561,-0.391466,1.21389
1590673525.743460259,0.0946169,-0.395689,1.21232
1590673525.776460847,0.095766,-0.40029,1.21059
1590673525.809488213,0.0969989,-0.405267,1.20873
1590673525.843679230,0.0981425,-0.409919,1.20699
1590673525.876971063,0.0992956,-0.4146,1.20524
1590673525.911551996,0.10054,-0.419662,1.20335
1590673525.948804005,0.101768,-0.424751,1.20144
1590673525.978253149,0.102808,-0.42914,1.19978
1590673526.011193562,0.104013,-0.434281,1.19783
1590673526.043207778,0.105112,-0.439067,1.19602
1590673526.076474847,0.106193,-0.443861,1.1942
1590673526.109861423,0.107262,-0.448661,1.19238
1590673526.142184288,0.108421,-0.453842,1.1904
1590673526.176364079,0.109508,-0.458666,1.18854
1590673526.209803461,0.110591,-0.463503,1.18668
1590673526.241993118,0.111669,-0.468366,1.18479
1590673526.275597277,0.112825,-0.473627,1.18274
1590673526.310127117,0.113906,-0.478531,1.18081
1590673526.343395492,0.114993,-0.483457,1.17886
1590673526.376875800,0.116148,-0.488777,1.17673
1590673526.408765006,0.117208,-0.493731,1.17473
1590673526.442823139,0.11827,-0.498712,1.17273
1590673526.475261011,0.119424,-0.504101,1.17058
1590673526.516274657,0.120576,-0.509514,1.16842
1590673526.542855785,0.121549,-0.514167,1.16657
1590673526.574873580,0.122669,-0.519619,1.16439
1590673526.614853121,0.123787,-0.525091,1.16219
1590673526.642531760,0.124748,-0.529787,1.1603
1590673526.675822065,0.125784,-0.534881,1.15824
1590673526.708300227,0.126871,-0.540384,1.15599
1590673526.742095063,0.127872,-0.545505,1.15388
1590673526.774976053,0.128875,-0.550636,1.15176
1590673526.815687958,0.130025,-0.556571,1.1493
1590673526.841468209,0.130922,-0.561337,1.14733
1590673526.877496132,0.131952,-0.566911,1.14501
1590673526.911595688,0.132909,-0.572106,1.14286
1590673526.942955585,0.133863,-0.577319,1.1407
1590673526.975218931,0.134792,-0.582547,1.13851
1590673527.007222919,0.135703,-0.587789,1.13631
1590673527.046554549,0.136747,-0.593863,1.13376
1590673527.074876361,0.137572,-0.598729,1.13169
1590673527.107412371,0.138429,-0.604006,1.12941
1590673527.145072516,0.139413,-0.610111,1.12676
1590673527.173765220,0.140232,-0.615006,1.12464
1590673527.207779649,0.141127,-0.620332,1.12235
1590673527.240997268,0.141988,-0.625677,1.12007
1590673527.273984405,0.142881,-0.631442,1.11763
1590673527.308259494,0.143712,-0.636817,1.11536
1590673527.340308442,0.144558,-0.642218,1.11309
1590673527.374893420,0.145414,-0.647639,1.11079
1590673527.407562333,0.146306,-0.653516,1.10827
1590673527.442315101,0.147123,-0.659002,1.10587
