
0.020102,0.000427689,-0.149466,1.40165
0.04832,0.00102062,-0.149508,1.40196
0.070275,0.00128085,-0.149599,1.40227
0.100726,0.0015813,-0.149755,1.40257
0.129856,0.00191702,-0.149925,1.40282
0.145507,0.0022826,-0.150076,1.40306
0.161403,0.00271866,-0.150232,1.40336
0.183527,0.00320578,-0.150414,1.40374
0.205258,0.00368296,-0.150621,1.40409
0.220585,0.00421495,-0.150845,1.40444
0.2398,0.00448176,-0.151052,1.4048
0.260693,0.00555776,-0.151255,1.4052
0.27941,0.00628145,-0.151482,1.40555
0.29363,0.00702352,-0.151765,1.40588
0.308903,0.00785498,-0.15209,1.40624
0.329901,0.00834823,-0.152387,1.40661
0.352897,0.00935254,-0.152664,1.40705
0.373097,0.0103819,-0.15289,1.40748
0.401909,0.0115692,-0.153118,1.40797
0.430651,0.0127075,-0.153349,1.40842
0.452247,0.0138722,-0.153605,1.40888
0.484676,0.0154926,-0.153915,1.40937
0.513498,0.0167192,-0.154234,1.40982
0.543785,0.0176763,-0.154556,1.41028
0.570763,0.0191898,-0.154866,1.41078
0.595897,0.0206935,-0.15512,1.41125
0.619914,0.0222642,-0.15536,1.41175
0.6446,0.0240282,-0.155605,1.4123
0.669636,0.0257443,-0.15581,1.41284
0.692118,0.0275284,-0.155987,1.41339
0.713387,0.0295058,-0.156189,1.41398
0.735541,0.0316823,-0.156403,1.4145
0.764701,0.0332846,-0.156628,1.41498
0.789343,0.0354256,-0.156841,1.41551
0.814301,0.0375287,-0.15698,1.41605
0.8377,0.0397225,-0.157078,1.41663
0.865121,0.0419979,-0.157149,1.41722
0.883581,0.0443531,-0.157191,1.41785
0.902206,0.0467756,-0.157202,1.4185
0.924259,0.0492472,-0.157193,1.41918
0.954699,0.0522799,-0.157202,1.4199
0.979531,0.0549897,-0.157244,1.42059
1.00184,0.057365,-0.157289,1.42117
1.02096,0.059936,-0.157271,1.42183
1.04254,0.0628217,-0.157152,1.42244
1.06612,0.0660695,-0.15695,1.42313
1.09481,0.0691261,-0.156746,1.42378
1.1159,0.0722283,-0.156564,1.42445
1.13849,0.0756024,-0.156353,1.42517
1.16809,0.0788698,-0.15609,1.42585
1.19609,0.0822325,-0.155767,1.42656
1.21679,0.0856638,-0.155419,1.42729
1.23884,0.0891668,-0.155079,1.42799
1.26232,0.0927581,-0.154731,1.42866
1.28458,0.0967453,-0.154313,1.42941
1.30112,0.100556,-0.153857,1.43015
1.32195,0.104453,-0.153367,1.43091
1.34405,0.108731,-0.152854,1.4317
1.36234,0.112779,-0.152365,1.43243
1.38576,0.116215,-0.151811,1.43319
1.40273,0.120862,-0.151109,1.43407
1.42421,0.125313,-0.150378,1.43491
1.44946,0.130593,-0.14962,1.43576
1.47382,0.135243,-0.148849,1.4366
1.49735,0.140342,-0.147968,1.43753
1.51845,0.145158,-0.147097,1.43843
1.53942,0.150033,-0.146196,1.43934
1.55415,0.154959,-0.145298,1.44023
1.56748,0.159954,-0.144406,1.44107
1.59613,0.165095,-0.143278,1.442
1.62113,0.170499,-0.142141,1.44286
1.6515,0.176133,-0.140899,1.4438
1.6709,0.182432,-0.13963,1.4448
1.68997,0.188016,-0.138366,1.44575
1.70821,0.193896,-0.137059,1.44666
1.73128,0.200257,-0.135556,1.44767
1.75362,0.206213,-0.134098,1.44865
1.76814,0.212247,-0.132621,1.44963
1.78892,0.218177,-0.130988,1.45062
1.81363,0.224534,-0.129379,1.45154
1.83485,0.231026,-0.127666,1.45251
1.85348,0.238119,-0.125752,1.45361
1.87632,0.245537,-0.123938,1.45462
1.89616,0.252364,-0.122075,1.4556
1.91926,0.259139,-0.119979,1.45668
1.93789,0.266935,-0.117944,1.45772
1.96259,0.274652,-0.115709,1.45884
1.9869,0.281919,-0.11362,1.45983
2.01471,0.289317,-0.111484,1.46083
2.04092,0.296162,-0.109225,1.46186
2.06406,0.304485,-0.106667,1.46303
2.08562,0.313048,-0.104231,1.46411
2.11303,0.320972,-0.101783,1.46518
2.14075,0.328894,-0.0990906,1.46632
2.16199,0.337067,-0.0964893,1.46744
2.1917,0.345396,-0.0937798,1.46859
2.21213,0.355249,-0.0907809,1.46982
2.23258,0.363853,-0.0879528,1.47095
2.26069,0.372579,-0.0850666,1.47206
2.28613,0.380728,-0.0820923,1.47317
2.30586,0.391163,-0.0787803,1.47438
2.32386,0.400298,-0.0756298,1.4755
2.3521,0.409547,-0.0724385,1.47663
2.37697,0.419677,-0.0689086,1.47784
2.4042,0.428524,-0.0655264,1.47901
2.4304,0.438957,-0.0620403,1.48021
2.4497,0.449561,-0.058228,1.4815
2.47834,0.45955,-0.0546322,1.48267
2.4979,0.469695,-0.0509544,1.48383
2.52291,0.479272,-0.047166,1.48502
2.54515,0.491251,-0.0429644,1.48634
2.56837,0.501861,-0.0390048,1.48755
2.59258,0.511893,-0.0349872,1.48875
2.62085,0.523637,-0.0305744,1.49006
2.64118,0.53542,-0.0263611,1.4913
2.66186,0.545912,-0.0220532,1.49256
2.68403,0.557997,-0.017663,1.49382
2.71185,0.569666,-0.0128349,1.49517
2.73852,0.581318,-0.00825511,1.49647
2.76217,0.593837,-0.00357617,1.49779
2.7881,0.606707,0.00156368,1.49922
2.81303,0.618813,0.00641454,1.50054
2.83881,0.631066,0.0113486,1.50186
2.86199,0.644437,0.0167825,1.50327
2.88125,0.657015,0.0219287,1.5046
2.89824,0.669743,0.0271614,1.50595
2.91253,0.681618,0.0320707,1.50719
2.92617,0.694922,0.0379074,1.50867
2.93907,0.708126,0.0434522,1.51009
2.95397,0.72223,0.0491094,1.51152
2.97,0.736805,0.0553083,1.51305
2.98314,0.750499,0.0611491,1.51446
2.99975,0.764353,0.0670875,1.51587
3.01494,0.778369,0.0731472,1.51729
3.03148,0.793652,0.0798075,1.51885
3.04751,0.808017,0.0861063,1.52029
3.06737,0.823669,0.0929914,1.52184
3.09667,0.839494,0.099999,1.5234
3.12536,0.853633,0.106615,1.52486
3.15386,0.870558,0.113867,1.52645
3.17282,0.885791,0.120717,1.52792
3.19961,0.901203,0.127676,1.52939
3.2252,0.917268,0.135315,1.53099
3.24887,0.933753,0.14252,1.5325
3.27984,0.94967,0.149837,1.53402
3.3099,0.966271,0.15784,1.53568
3.33667,0.982548,0.165403,1.53724
3.36772,0.999019,0.173097,1.53881
3.39025,1.01641,0.180908,1.54038
3.41247,1.03326,0.188834,1.54193
3.43754,1.05029,0.19688,1.54348
3.4588,1.06883,0.205667,1.54517
3.47787,1.08622,0.213953,1.54675
3.50094,1.10307,0.222363,1.54834
3.51738,1.12084,0.230904,1.54994
3.5452,1.1409,0.240252,1.5517
3.57156,1.15902,0.249055,1.55334
3.59294,1.17734,0.257971,1.55498
3.61728,1.19728,0.267698,1.55674
3.64114,1.21598,0.27686,1.5584
3.66896,1.23563,0.286885,1.56019
3.6982,1.25548,0.296337,1.56188
3.72328,1.27557,0.306662,1.56372
3.74697,1.29507,0.316372,1.56543
3.77014,1.31546,0.326203,1.56716
3.79378,1.33532,0.336161,1.56889
3.82534,1.35621,0.347034,1.57075
3.8542,1.3772,0.357268,1.57248
3.8756,1.39768,0.367618,1.5742
3.90579,1.41764,0.378114,1.57594
3.93623,1.44014,0.389597,1.57784
3.96743,1.46195,0.40041,1.57963
3.9949,1.48321,0.411343,1.58141
4.02474,1.50633,0.423263,1.58333
4.04866,1.52634,0.433617,1.58498
4.06794,1.5482,0.444975,1.58679
4.0873,1.57198,0.457379,1.58875
4.10478,1.59427,0.469024,1.59057
4.12655,1.61603,0.480813,1.59239
4.14581,1.64118,0.493668,1.59437
4.16623,1.66408,0.505745,1.59621
4.18652,1.68719,0.517962,1.59806
4.21402,1.71231,0.531265,1.60006
4.24448,1.73513,0.543786,1.60193
4.27783,1.76144,0.557448,1.60396
4.30467,1.78542,0.570298,1.60584
4.32922,1.8096,0.583275,1.6077
4.35282,1.83517,0.597421,1.60971
4.37801,1.8598,0.610732,1.61162
4.40703,1.88466,0.624213,1.61357
4.43716,1.9124,0.638901,1.61566
4.46782,1.9377,0.652669,1.61761
4.49785,1.96248,0.66659,1.61955
4.52702,1.99021,0.681756,1.62165
4.54941,2.0162,0.696005,1.62361
4.57747,2.04314,0.710413,1.62559
4.60935,2.07164,0.726104,1.62773
4.64066,2.09834,0.740843,1.62971
4.67329,2.12525,0.755729,1.6317
4.6984,2.15236,0.770762,1.63369
4.72407,2.18108,0.787127,1.63583
4.74847,2.20868,0.802511,1.63784
4.77628,2.23651,0.818083,1.63988
4.80532,2.26675,0.835041,1.64209
4.82972,2.2958,0.850948,1.64412
4.85778,2.32365,0.867007,1.64614
4.88212,2.35539,0.884488,1.64831
4.90505,2.38371,0.900892,1.65035
4.93165,2.41297,0.917463,1.6524
4.95872,2.44246,0.934202,1.65447
4.98194,2.47521,0.952431,1.65673

0.005158,-0.000581486,-0.149248,1.4015
0.029576,-0.000858409,-0.149164,1.40142
0.06098,-0.00118222,-0.149058,1.40135
0.085846,-0.00156665,-0.14892,1.40129
0.115141,-0.00204912,-0.148748,1.40122
0.137209,-0.00256898,-0.148574,1.40116
0.167376,-0.00319667,-0.148348,1.4011
0.193106,-0.00359356,-0.148093,1.40105
0.222445,-0.00451203,-0.147813,1.401
0.251907,-0.0060242,-0.147492,1.40094
0.274688,-0.00608526,-0.147179,1.40084
0.298322,-0.0069138,-0.146843,1.40073
0.320378,-0.00785884,-0.146444,1.40063
0.349778,-0.00878451,-0.146036,1.40056
0.38012,-0.00976494,-0.145594,1.40049
0.410829,-0.0107981,-0.145114,1.40044
0.434699,-0.0119634,-0.144551,1.4004
0.464379,-0.0138238,-0.143994,1.40035
0.490754,-0.01427,-0.143406,1.4003
0.516654,-0.0155717,-0.142733,1.40025
0.541027,-0.0167218,-0.142121,1.4002
0.565037,-0.0181054,-0.141364,1.40014
0.590885,-0.0195336,-0.140557,1.40007
0.621403,-0.0209055,-0.139777,1.40001
0.650599,-0.0230475,-0.138958,1.39995
0.675037,-0.0246122,-0.138024,1.39989
0.707262,-0.0260972,-0.137112,1.39985
0.732578,-0.0276166,-0.136177,1.3998
0.762967,-0.0285576,-0.135141,1.39972
0.78771,-0.0301277,-0.134138,1.39963
0.812624,-0.0317318,-0.133097,1.39954
0.844941,-0.0334948,-0.131931,1.39944
0.870015,-0.0351621,-0.130815,1.39935
0.902314,-0.0368634,-0.129658,1.39925
0.925845,-0.0385939,-0.128458,1.39917
0.955269,-0.041206,-0.127111,1.39909
0.978672,-0.0422526,-0.125807,1.39903
1.00551,-0.0441941,-0.124358,1.39896
1.03116,-0.0460248,-0.122963,1.39889
1.05242,-0.0486049,-0.121534,1.39882
1.08518,-0.0506183,-0.119942,1.39875
1.11665,-0.0525037,-0.118412,1.39868
1.13827,-0.0536843,-0.116847,1.3986
1.16316,-0.0556152,-0.115252,1.39853
1.19425,-0.0577288,-0.113489,1.39844
1.22642,-0.0597087,-0.111802,1.39836
1.2499,-0.0617047,-0.110067,1.39828
1.28092,-0.0645964,-0.10814,1.39819
1.30563,-0.06589,-0.106301,1.39809
1.33202,-0.0679147,-0.10441,1.39799
1.36186,-0.070829,-0.102319,1.39788
1.3827,-0.0721412,-0.100328,1.39777
1.40632,-0.0749133,-0.098285,1.39767
1.43186,-0.0764136,-0.0960425,1.39756
1.4641,-0.0784929,-0.0939126,1.39745
1.49373,-0.0805814,-0.0917266,1.39736
1.51409,-0.0826812,-0.0894788,1.39727
1.53723,-0.0847914,-0.0871833,1.39717
1.56224,-0.0869134,-0.0848443,1.39705
1.58201,-0.0892042,-0.0822721,1.39692
1.60629,-0.0913353,-0.0798381,1.39681
1.63197,-0.0936338,-0.0771499,1.39668
1.65593,-0.0957679,-0.0746023,1.39656
1.68145,-0.0980739,-0.071801,1.39641
1.70455,-0.10022,-0.0691401,1.39627
1.73489,-0.10237,-0.0664134,1.39613
1.7645,-0.105402,-0.0634105,1.39599
1.79641,-0.106812,-0.0605689,1.39585
1.82289,-0.108711,-0.0576683,1.39571
1.8495,-0.111968,-0.0544793,1.39558
1.87531,-0.114095,-0.0514425,1.39546
1.90557,-0.116218,-0.0483447,1.39533
1.92853,-0.117769,-0.0449347,1.39519
1.95043,-0.119867,-0.0417052,1.39507
1.97374,-0.121944,-0.0384102,1.39495
1.99782,-0.124008,-0.035053,1.39481
2.02189,-0.126052,-0.0316355,1.39467
2.0457,-0.128228,-0.0278829,1.39452
2.07976,-0.130956,-0.0243282,1.39437
2.10888,-0.132377,-0.0204187,1.39421
2.13622,-0.134347,-0.0167145,1.39407
2.16418,-0.137024,-0.0129462,1.39391
2.19323,-0.139101,-0.00879208,1.39375
2.21979,-0.140269,-0.00486167,1.39359
2.24589,-0.142144,-0.000859663,1.39343
2.26806,-0.144134,0.00352559,1.39325
2.29157,-0.146683,0.0076754,1.39309
2.31399,-0.147752,0.011909,1.39293
2.34108,-0.149649,0.0165601,1.39276
2.36763,-0.151379,0.0209516,1.3926
2.39636,-0.153802,0.0254164,1.39243
2.42913,-0.155594,0.0303094,1.39227
2.45225,-0.156493,0.034931,1.39212
2.48171,-0.158091,0.0396342,1.39197
2.51096,-0.159668,0.0444169,1.39183
2.54261,-0.161333,0.0496522,1.39169
2.5682,-0.162841,0.0545877,1.39158
2.59702,-0.164416,0.0599901,1.39146
2.62441,-0.165844,0.0650942,1.39136
2.64663,-0.167231,0.0702701,1.39126
2.67972,-0.169402,0.0759357,1.39115
2.70484,-0.169972,0.0812837,1.39103
2.72872,-0.171953,0.086713,1.39091
2.75967,-0.172444,0.0922144,1.39079
2.78961,-0.174227,0.10082,1.39059
2.81798,-0.176049,0.106526,1.39045
2.84163,-0.176447,0.112763,1.3903
2.86432,-0.177421,0.118637,1.39017
2.88752,-0.178336,0.124588,1.39004
2.907,-0.179196,0.130624,1.38991
2.9279,-0.180005,0.136754,1.38978
2.95511,-0.180816,0.14345,1.38965
2.97449,-0.181509,0.149755,1.38952
2.9995,-0.182142,0.156142,1.3894
3.02149,-0.182719,0.162626,1.38928
3.04622,-0.183271,0.169705,1.38915
3.07154,-0.183724,0.176362,1.38902
3.09343,-0.184116,0.183115,1.38888
3.11241,-0.185165,0.189966,1.38874
3.12873,-0.184707,0.197457,1.38858
3.15208,-0.184886,0.204507,1.38844
3.17731,-0.185725,0.211643,1.38828
3.20103,-0.18505,0.219427,1.38811
3.21912,-0.185026,0.226746,1.38794
3.24019,-0.184929,0.234155,1.38776
3.26754,-0.18475,0.242237,1.38758
3.29392,-0.184487,0.250428,1.3874
3.32465,-0.184161,0.258131,1.38724
3.35705,-0.183766,0.26593,1.38707
3.38612,-0.183258,0.274438,1.38688
3.41819,-0.182703,0.282448,1.38671
3.44909,-0.182058,0.290553,1.38653
3.46822,-0.181321,0.298744,1.38634
3.48991,-0.180504,0.30704,1.38615
3.51173,-0.179601,0.315444,1.38597
3.53636,-0.178535,0.324609,1.38575
3.55888,-0.17819,0.33322,1.38555
3.57639,-0.176316,0.341941,1.38535
3.60352,-0.17571,0.351446,1.38513
3.62635,-0.173665,0.360382,1.38494
3.64439,-0.172259,0.369418,1.38476
3.6654,-0.170761,0.378549,1.38458
3.6888,-0.169049,0.388497,1.38437
3.71158,-0.168094,0.397847,1.38418
3.72953,-0.165592,0.407316,1.38399
3.74691,-0.16373,0.416898,1.3838
3.76655,-0.161635,0.427332,1.38359
3.79074,-0.1596,0.437132,1.3834
3.81358,-0.158204,0.447036,1.38321
3.83542,-0.155096,0.457821,1.383
3.86408,-0.152781,0.467951,1.3828
3.8896,-0.150361,0.4782,1.3826
3.91273,-0.147634,0.48936,1.38237
3.94077,-0.145007,0.49985,1.38216
3.96064,-0.142285,0.510462,1.38196
3.98611,-0.139243,0.522023,1.38174
4.01076,-0.137032,0.532868,1.38152
4.03651,-0.133999,0.543815,1.3813
4.06298,-0.129908,0.555728,1.38106
4.09044,-0.126667,0.566905,1.38084
4.1212,-0.124051,0.578193,1.38061
4.14546,-0.119619,0.590474,1.38037
4.16438,-0.116791,0.601998,1.38013
4.18829,-0.112401,0.613637,1.3799
4.21845,-0.109342,0.625411,1.37968
4.2495,-0.104407,0.638241,1.37944
4.27531,-0.100381,0.650276,1.37922
4.29811,-0.0962376,0.662435,1.379
4.32085,-0.0919806,0.674711,1.37877
4.34745,-0.0872753,0.68805,1.37853
4.37485,-0.0835072,0.700554,1.37831
4.40063,-0.0781731,0.713178,1.37808
4.42269,-0.0730824,0.726911,1.37783
4.45056,-0.0682362,0.739789,1.37761
4.47861,-0.0630392,0.752782,1.37739
4.49985,-0.0581987,0.765885,1.37716
4.51722,-0.0530137,0.779118,1.37693
4.53885,-0.0473058,0.793501,1.37668
4.55687,-0.0426077,0.806985,1.37643
4.57362,-0.0363437,0.820593,1.37618
4.58961,-0.0302479,0.83539,1.37592
4.61406,-0.0244661,0.849266,1.37566
4.64063,-0.0181035,0.864358,1.37539
4.66473,-0.0128026,0.878516,1.37515
4.68388,-0.00592581,0.892806,1.37492
4.70849,0.000352319,0.907228,1.37469
4.72934,0.00725691,0.922894,1.37446
4.75522,0.013797,0.937579,1.37425
4.7742,0.0204589,0.952393,1.37403
4.79774,0.0277796,0.968484,1.3738
4.82273,0.0347122,0.983557,1.37357
4.84275,0.0417668,0.998756,1.37334
4.86597,0.0495077,1.01527,1.37309
4.89133,0.0568228,1.03075,1.37285
4.91329,0.0642631,1.04635,1.37261
4.93346,0.0718299,1.06208,1.37235
4.9539,0.0801256,1.07916,1.37208
4.98093,0.0872424,1.09516,1.37182

0.004505,8.00113e-05,-0.149293,1.40164
0.031356,0.000115151,-0.149244,1.40167
0.059773,0.000155852,-0.149183,1.40171
0.087407,0.000205356,-0.149126,1.40174
0.108017,0.000259428,-0.149063,1.40177
0.129752,0.000331181,-0.148986,1.40181
0.152353,0.000404233,-0.1489,1.40184
0.174607,0.000493262,-0.148796,1.40186
0.203367,0.000576167,-0.148689,1.40186
0.226979,0.000671904,-0.148564,1.40187
0.254279,0.000795134,-0.1484,1.40188
0.281878,0.000917725,-0.148228,1.4019
0.308873,0.00105948,-0.148043,1.4019
0.337772,0.00119912,-0.147867,1.40189
0.363013,0.00134812,-0.147679,1.40189
0.392352,0.00152741,-0.147447,1.4019
0.420255,0.00172718,-0.147206,1.40191
0.438998,0.00194969,-0.146946,1.40191
0.465689,0.00219078,-0.146668,1.40192
0.4896,0.00246729,-0.14635,1.40193
0.516694,0.00274251,-0.146024,1.40195
0.539857,0.00303784,-0.14569,1.40198
0.561713,0.00337419,-0.145298,1.40201
0.585755,0.00371025,-0.144905,1.40205
0.613504,0.00410322,-0.144457,1.40211
0.641981,0.00449127,-0.144021,1.40216
0.666854,0.00491101,-0.14356,1.4022
0.690506,0.00538022,-0.143032,1.40225
0.71475,0.00583871,-0.142525,1.40231
0.744066,0.00631585,-0.141997,1.40236
0.771476,0.00682566,-0.141436,1.40243
0.801222,0.00740912,-0.140789,1.40251
0.833654,0.00798152,-0.140147,1.40259
0.856638,0.00862377,-0.139422,1.40268
0.880817,0.00919818,-0.13877,1.40273
0.906017,0.00990012,-0.137986,1.4028
0.931108,0.0105878,-0.137223,1.40286
0.961784,0.0113615,-0.136357,1.40293
0.982828,0.0121079,-0.13551,1.40301
1.0049,0.0128809,-0.134631,1.40308
1.03382,0.0137482,-0.13364,1.40317
1.06544,0.0145809,-0.132678,1.40326
1.09572,0.015446,-0.13169,1.40336
1.11784,0.0164202,-0.130591,1.40345
1.14248,0.0173654,-0.129537,1.40354
1.17107,0.0183435,-0.128442,1.40363
1.2004,0.0194345,-0.127222,1.40373
1.21307,0.0204109,-0.126154,1.40382
1.22646,0.0215175,-0.124963,1.40391
1.25705,0.0228444,-0.123541,1.40403
1.28197,0.0240311,-0.122265,1.40414
1.30686,0.0252556,-0.120963,1.40424
1.3358,0.0266178,-0.119523,1.40434
1.36736,0.0279182,-0.118151,1.40444
1.3889,0.0292538,-0.116734,1.40455
1.41803,0.0306303,-0.115284,1.40467
1.44317,0.0321687,-0.113674,1.40479
1.47451,0.0336489,-0.112124,1.40491
1.50056,0.0353079,-0.110395,1.40506
1.53179,0.0368944,-0.108739,1.4052
1.55525,0.0385216,-0.107053,1.40533
1.58033,0.040191,-0.105331,1.40544
1.60327,0.0420323,-0.103415,1.40557
1.63386,0.0437951,-0.101569,1.4057
1.65837,0.0457331,-0.0995179,1.40585
1.69,0.0475693,-0.0975747,1.40597
1.72217,0.0494509,-0.0955994,1.40608
1.74714,0.0513781,-0.0935765,1.40619
1.76519,0.0533551,-0.0914883,1.40631
1.79456,0.0555337,-0.0891926,1.40644
1.82195,0.0576017,-0.0870132,1.40655
1.85126,0.0598837,-0.0846141,1.40667
1.87921,0.062061,-0.0823383,1.4068
1.90394,0.0642992,-0.0800034,1.40694
1.9247,0.0667843,-0.0774259,1.40709
1.94798,0.0691521,-0.0749742,1.40722
1.96872,0.0715811,-0.0724685,1.40736
1.99962,0.0742405,-0.0697098,1.40752
2.02962,0.0767651,-0.0670936,1.40767
2.05782,0.0793622,-0.0644246,1.40782
2.09017,0.0822314,-0.0614775,1.408
2.11872,0.0849611,-0.0586836,1.40817
2.14669,0.0877415,-0.0558359,1.40834
2.17755,0.0907972,-0.0527239,1.40852
2.1993,0.0936852,-0.0497658,1.40868
2.23071,0.0966315,-0.0467379,1.40886
2.25255,0.0996454,-0.0436414,1.40904
2.2813,0.102964,-0.0402398,1.40923
2.3079,0.106119,-0.037016,1.40941
2.3334,0.109341,-0.0337254,1.40959
2.35749,0.112625,-0.0303779,1.40979
2.37811,0.116227,-0.0267072,1.41001
2.40563,0.11963,-0.0232498,1.41018
2.42867,0.123092,-0.0197375,1.41036
2.44751,0.12662,-0.0161469,1.41054
2.4721,0.130496,-0.0121915,1.41076
2.49718,0.134166,-0.00844339,1.41096
2.52246,0.137907,-0.00462148,1.41118
2.54621,0.142018,-0.000402875,1.41142
2.56604,0.145914,0.00359338,1.41163
2.59213,0.149878,0.00764758,1.41185
2.6185,0.154212,0.0120782,1.41206
2.64179,0.158618,0.016586,1.41225
2.66548,0.162789,0.0208521,1.41244
2.68907,0.167035,0.025195,1.41264
2.72326,0.17169,0.0299479,1.41285
2.75415,0.176081,0.0344308,1.41305
2.77649,0.180543,0.0389989,1.41325
2.8059,0.185428,0.0440092,1.41348
2.83306,0.190031,0.0487295,1.41368
2.86044,0.194708,0.0535241,1.41388
2.89033,0.199468,0.0583993,1.41407
2.92038,0.204681,0.0637512,1.41429
2.9487,0.209598,0.0688001,1.4145
2.96983,0.214587,0.0739126,1.41472
2.99335,0.220044,0.0794937,1.41494
3.02201,0.225195,0.0847756,1.41516
3.0509,0.230429,0.0901578,1.41539
3.07919,0.236144,0.0960405,1.41564
3.10673,0.241534,0.101587,1.41587
3.13856,0.247016,0.1072,1.41608
3.16868,0.252584,0.112906,1.41629
3.19572,0.258671,0.119149,1.41653
3.22087,0.264412,0.125019,1.41674
3.24367,0.270243,0.130953,1.41696
3.26661,0.27617,0.136968,1.41719
3.28447,0.282191,0.143083,1.41743
3.30722,0.288786,0.149761,1.41769
3.33359,0.295487,0.156543,1.41795
3.35913,0.301804,0.162929,1.41818
3.38109,0.308203,0.169413,1.41841
3.40485,0.315186,0.176494,1.41864
3.42579,0.321765,0.183158,1.41885
3.45519,0.328949,0.190436,1.41908
3.47763,0.335708,0.197285,1.4193
3.50312,0.342561,0.204231,1.41953
3.53181,0.350066,0.211814,1.41977
3.5581,0.356596,0.218405,1.41999
3.57814,0.363767,0.225638,1.42022
3.60281,0.371584,0.233529,1.42048
3.62211,0.378943,0.240932,1.42071
3.64148,0.386411,0.248419,1.42093
3.66755,0.394587,0.256616,1.42117
3.69688,0.402304,0.264351,1.4214
3.72047,0.410741,0.272799,1.42165
3.74437,0.418676,0.280728,1.42187
3.77103,0.426699,0.28874,1.42207
3.79767,0.435447,0.297478,1.42231
3.82092,0.443675,0.305706,1.42256
3.8488,0.452008,0.314032,1.4228
3.87219,0.461097,0.323094,1.42305
3.89931,0.469637,0.331609,1.42328
3.92876,0.478288,0.340228,1.42351
3.95713,0.487742,0.349617,1.42373
3.98582,0.496636,0.358421,1.42393
4.0091,0.506336,0.367999,1.42414
4.03375,0.514729,0.377007,1.42434
4.06393,0.524678,0.386139,1.42457
4.09259,0.533999,0.395379,1.4248
4.1226,0.54415,0.405434,1.42505
4.14921,0.553703,0.414891,1.42527
4.17804,0.563618,0.424486,1.42551
4.20002,0.57394,0.43497,1.42579
4.23096,0.583856,0.444806,1.42603
4.25969,0.593875,0.454718,1.42621
4.28249,0.60477,0.465498,1.42639
4.30815,0.614985,0.475634,1.42657
4.33713,0.625315,0.485903,1.42677
4.36088,0.636604,0.497096,1.427
4.385,0.647234,0.507615,1.42719
4.40778,0.657955,0.518234,1.42738
4.43281,0.6696,0.529766,1.42756
4.46102,0.680547,0.540578,1.4277
4.49156,0.690918,0.551534,1.42786
4.52295,0.702873,0.562639,1.42806
4.55506,0.715107,0.574729,1.42828
4.58203,0.726588,0.586062,1.42846
4.60532,0.739103,0.598392,1.42863
4.62816,0.750849,0.609988,1.4288
4.65819,0.762708,0.621709,1.42899
4.67912,0.774692,0.633527,1.42914
4.70805,0.787736,0.646356,1.42926
4.7388,0.799961,0.658369,1.42934
4.76829,0.812309,0.670515,1.42944
4.79023,0.825783,0.683751,1.42957
4.81215,0.838453,0.696189,1.42969
4.83518,0.851262,0.708756,1.42985
4.85266,0.864187,0.721444,1.43001
4.86995,0.877244,0.734243,1.43016
4.89671,0.891458,0.748143,1.43029
4.92195,0.90477,0.761173,1.43038
4.94887,0.919228,0.775335,1.43048
4.9721,0.93278,0.788606,1.43057
4.99518,0.945763,0.802002,1.43066

0.007226,9.34889e-05,-0.149552,1.40179
0.034492,-0.000658158,-0.149585,1.40189
0.06257,3.47093e-05,-0.149606,1.40202
0.087218,-8.4644e-06,-0.149614,1.40217
0.107725,-7.40858e-05,-0.149614,1.40233
0.129708,-0.000149547,-0.149607,1.40248
0.158845,-0.000206369,-0.149577,1.40264
0.181399,-0.000208883,-0.149548,1.40276
0.202068,-0.000218384,-0.149496,1.40291
0.228089,-0.000261662,-0.149438,1.40307
0.251871,-0.000320972,-0.149393,1.40319
0.27599,-0.0011013,-0.149332,1.4033
0.300134,-0.000428294,-0.149246,1.40344
0.316492,-0.000483398,-0.149111,1.40363
0.3349,-0.00126205,-0.148977,1.40381
0.358188,-0.000597379,-0.148844,1.40398
0.37619,-0.000672597,-0.14871,1.40414
0.396602,-0.000753367,-0.148558,1.40428
0.426358,-0.000820625,-0.148402,1.40441
0.457224,-0.000868195,-0.148232,1.40452
0.479373,-0.000910845,-0.148061,1.40463
0.506423,-0.000958831,-0.147876,1.40476
0.528274,-0.00103482,-0.147672,1.40492
0.547171,-0.00113272,-0.147457,1.40511
0.572905,-0.00123856,-0.147239,1.40529
0.599272,-0.00202259,-0.146986,1.40547
0.626276,-0.00127533,-0.146705,1.40566
0.653,-0.000975937,-0.146388,1.40584
0.684445,-0.00118669,-0.146058,1.40598
0.716108,-0.00121514,-0.145797,1.40606
0.735401,-0.00123734,-0.145531,1.40614
0.75994,-0.000970493,-0.145176,1.40631
0.782627,-0.000908773,-0.144795,1.40657
0.811456,-0.0010574,-0.144408,1.40684
0.833133,-0.000931597,-0.144035,1.40706
0.854472,-0.00076931,-0.143652,1.40724
0.874457,-0.000622649,-0.143237,1.40744
0.889474,-0.000480949,-0.142796,1.4076
0.910896,-0.000326727,-0.14241,1.40772
0.940663,-0.00085737,-0.141966,1.40787
0.967964,0.000297366,-0.141466,1.40813
0.998209,0.000501666,-0.140985,1.4084
1.02893,0.000494958,-0.140501,1.40863
1.0555,0.000719856,-0.140011,1.40885
1.07815,0.0009714,-0.139507,1.40908
1.10941,0.00130741,-0.138938,1.4093
1.13321,0.00164032,-0.138405,1.40949
1.15395,0.00196968,-0.137853,1.40968
1.17682,0.00231176,-0.137277,1.40989
1.1918,0.0026445,-0.136695,1.41011
1.20361,0.00296997,-0.136106,1.41034
1.22544,0.00266375,-0.135459,1.41058
1.25422,0.00391403,-0.134777,1.41081
1.27705,0.00442841,-0.134115,1.41103
1.30618,0.00494756,-0.133409,1.41125
1.32713,0.00542209,-0.132777,1.4114
1.35716,0.00591006,-0.132135,1.41156
1.37945,0.00637308,-0.131505,1.41178
1.40437,0.00693674,-0.13072,1.41211
1.42971,0.00687761,-0.129915,1.41246
1.45683,0.00832137,-0.129144,1.41274
1.48001,0.00908572,-0.128342,1.41303
1.50418,0.00988219,-0.127461,1.41331
1.51814,0.0104401,-0.12684,1.41348
1.53927,0.0114215,-0.125819,1.41369
1.55978,0.0121539,-0.125067,1.41387
1.58054,0.0132301,-0.124194,1.41415
1.60352,0.0142186,-0.123189,1.41452
1.61933,0.0149633,-0.122236,1.41485
1.63551,0.0159706,-0.121285,1.41514
1.66316,0.0170696,-0.120248,1.41543
1.68782,0.0181129,-0.119263,1.41567
1.70742,0.019185,-0.118255,1.41589
1.73225,0.0203886,-0.117173,1.41608
1.76086,0.0215378,-0.116138,1.41628
1.78941,0.02271,-0.115076,1.41651
1.81417,0.023299,-0.113909,1.41683
1.84214,0.0253139,-0.112781,1.41718
1.8719,0.0266578,-0.111634,1.41753
1.90057,0.0281721,-0.110373,1.41789
1.92502,0.0296541,-0.109187,1.41819
1.94881,0.0311815,-0.107988,1.41844
1.98096,0.0328476,-0.106698,1.41867
2.00569,0.0343502,-0.105518,1.41885
2.03405,0.0359185,-0.104327,1.41903
2.06624,0.037925,-0.102991,1.41928
2.09189,0.0386946,-0.101687,1.4196
2.11976,0.041246,-0.100343,1.41996
2.14485,0.0432847,-0.0988928,1.42033
2.17532,0.0452102,-0.0975501,1.42061
2.20115,0.0471645,-0.0962011,1.42086
2.22578,0.0493139,-0.0947293,1.42111
2.2528,0.0513628,-0.0933521,1.42135
2.28178,0.0534745,-0.0919689,1.42158
2.30146,0.055657,-0.0905656,1.42183
2.32262,0.057186,-0.0891314,1.42211
2.34846,0.0595159,-0.0876598,1.42242
2.37362,0.062825,-0.0860494,1.42277
2.3936,0.0652854,-0.0845476,1.42308
2.41395,0.0679842,-0.0829056,1.42341
2.43454,0.0705476,-0.0813633,1.42369
2.45284,0.0731625,-0.0798032,1.42395
2.47967,0.0758237,-0.0782345,1.4242
2.50264,0.0785318,-0.0766491,1.42447
2.52312,0.081546,-0.0749096,1.42479
2.54061,0.0844561,-0.073254,1.42514
2.56064,0.087458,-0.0715715,1.42553
2.57402,0.0905268,-0.0698851,1.4259
2.58555,0.0936511,-0.0681935,1.42622
2.59767,0.0968298,-0.0664964,1.42652
2.62632,0.100571,-0.0645128,1.42685
2.64889,0.104145,-0.0626163,1.42718
2.67996,0.107524,-0.0608296,1.4275
2.69616,0.110694,-0.0591657,1.42778
2.7176,0.114229,-0.0573483,1.4281
2.74487,0.118468,-0.0552049,1.42851
2.77669,0.122252,-0.0532964,1.4289
2.80325,0.126091,-0.0513623,1.42929
2.8255,0.129987,-0.049433,1.42962
2.85395,0.134161,-0.0473747,1.42993
2.87556,0.138106,-0.0454367,1.43022
2.89967,0.14215,-0.0434524,1.43055
2.92722,0.145937,-0.0412556,1.43095
2.95277,0.150264,-0.0391869,1.43133
2.98504,0.155397,-0.0371015,1.43171
3.00864,0.159858,-0.034999,1.43209
3.03434,0.164375,-0.0328808,1.43248
3.0612,0.169329,-0.0305843,1.43289
3.0793,0.174029,-0.028442,1.43326
3.09952,0.178822,-0.0262667,1.43363
3.1299,0.184075,-0.0238965,1.43404
3.16115,0.189424,-0.0215075,1.43448
3.19191,0.194492,-0.0192512,1.43489
3.2243,0.199671,-0.01696,1.43532
3.25525,0.204947,-0.014638,1.43574
3.28593,0.210723,-0.0121128,1.43621
3.31798,0.216147,-0.00976379,1.43664
3.34301,0.221216,-0.00757519,1.43705
3.3644,0.227238,-0.00497852,1.43755
3.3843,0.232924,-0.00252196,1.43802
3.4059,0.239135,0.000145245,1.4385
3.43205,0.245018,0.00263489,1.43893
3.45585,0.251052,0.00517317,1.43936
3.48054,0.257684,0.00797946,1.43986
3.504,0.263907,0.0106127,1.44029
3.53293,0.270198,0.0132157,1.44064
3.56025,0.276513,0.0158031,1.44096
3.58837,0.28369,0.0186504,1.44137
3.61594,0.289308,0.0213721,1.44184
3.63825,0.296034,0.0241363,1.44234
3.66464,0.30414,0.0271203,1.44286
3.69502,0.31108,0.0298988,1.44332
3.72122,0.318071,0.0327041,1.44378
3.74184,0.325129,0.0355183,1.44424
3.7586,0.332298,0.0383418,1.44469
3.77219,0.339606,0.0411896,1.44515
3.78338,0.347035,0.044095,1.44566
3.81146,0.355718,0.0474854,1.44628
3.83713,0.363346,0.0504297,1.4468
3.86255,0.371097,0.0534009,1.44729
3.89282,0.379567,0.0566429,1.44784
3.91269,0.386915,0.0594517,1.44832
3.93038,0.395572,0.062731,1.44887
3.94928,0.40371,0.0657766,1.44938
3.9652,0.41221,0.0688742,1.44993
3.98318,0.42061,0.0720279,1.45052
4.00145,0.429541,0.0754687,1.45119
4.01946,0.438134,0.078671,1.45177
4.04401,0.44749,0.0821368,1.45237
4.06853,0.456322,0.0854086,1.45292
4.09598,0.465299,0.0887326,1.45351
4.11589,0.475086,0.09234,1.45413
4.1343,0.484245,0.0956932,1.45469
4.15288,0.493484,0.0990688,1.45525
4.17861,0.503577,0.102763,1.45588
4.20611,0.513123,0.106257,1.45649
4.23715,0.523566,0.110072,1.45718
4.26931,0.53337,0.113646,1.45782
4.291,0.543263,0.117243,1.45845
4.31818,0.553236,0.120865,1.45905
4.34535,0.564081,0.124788,1.45967
4.37352,0.574288,0.128468,1.46021
4.40134,0.584653,0.132193,1.46076
4.42932,0.595976,0.136265,1.46138
4.455,0.606627,0.140095,1.46198
4.48083,0.61735,0.143945,1.46259
4.51175,0.628978,0.14809,1.46324
4.5409,0.639906,0.151983,1.46386
4.56266,0.651243,0.155944,1.46453
4.59385,0.662277,0.159948,1.46523
4.62419,0.674548,0.164295,1.46596
4.64489,0.686052,0.168337,1.46658
4.67334,0.698582,0.172717,1.46725
4.6976,0.709425,0.17652,1.46786
4.73064,0.722165,0.180997,1.4686
4.76188,0.735008,0.185481,1.46929
4.78705,0.74707,0.189646,1.46986
4.81009,0.758343,0.193528,1.47042
4.83034,0.770704,0.197796,1.47107
4.85138,0.784182,0.202434,1.47179
4.86615,0.796867,0.206768,1.47243
4.88772,0.810697,0.21149,1.47315
4.91024,0.823644,0.215917,1.47384
4.93135,0.83666,0.220349,1.4745
4.96304,0.851109,0.225094,1.47512
4.99626,0.865008,0.229843,1.47568

0.021914,0.00214302,-0.147651,1.40428
0.044067,-0.00123509,-0.14751,1.40446
0.066881,-0.000704744,-0.147334,1.4047
0.097587,-0.00137403,-0.147116,1.40509
0.121275,-0.00249763,-0.146961,1.40546
0.143492,-0.00406591,-0.14685,1.40577
0.171614,-0.00968846,-0.14682,1.40588
0.201678,-0.00962283,-0.14689,1.40581
0.22409,-0.0108252,-0.14676,1.40576
0.25125,-0.0115311,-0.146611,1.40579
0.281104,-0.0130969,-0.146469,1.40592
0.30714,-0.0136214,-0.146166,1.40609
0.335893,-0.0190278,-0.146047,1.40593
0.363829,-0.0187687,-0.145918,1.40557
0.388177,-0.0223161,-0.145654,1.40531
0.416065,-0.02191,-0.14523,1.40521
0.445334,-0.0252319,-0.144597,1.4052
0.474369,-0.0266916,-0.144026,1.40509
0.498028,-0.0280419,-0.143325,1.40481
0.518382,-0.0290263,-0.142606,1.40446
0.537216,-0.0290855,-0.14167,1.40419
0.565037,-0.0306536,-0.1404,1.40398
0.590745,-0.0286627,-0.139081,1.40389
0.618397,-0.0306987,-0.137558,1.40378
0.64224,-0.0299247,-0.135697,1.40368
0.671662,-0.0303705,-0.133535,1.40378
0.695641,-0.0310109,-0.130801,1.40403
0.724735,-0.0297419,-0.127912,1.40463
0.753484,-0.027509,-0.124446,1.40518
0.773093,-0.0230068,-0.120896,1.40569
0.795465,-0.0218022,-0.117104,1.40626
0.825198,-0.0203083,-0.113163,1.40711
0.848601,-0.0177005,-0.108587,1.40808
0.868981,-0.0166179,-0.103602,1.40903
0.896246,-0.0113501,-0.0980207,1.41038
0.92725,-0.00700333,-0.0916741,1.41204
0.952911,-0.00281101,-0.0853651,1.41335
0.982686,0.00445764,-0.0782974,1.41487
1.01033,0.00755843,-0.0713643,1.41629
1.03031,0.0163323,-0.0639194,1.41781
1.05383,0.0217857,-0.055299,1.41968
1.07801,0.0303527,-0.0467399,1.42179
1.10137,0.037372,-0.0379554,1.42373
1.12482,0.0455456,-0.028919,1.42521
1.14999,0.0566725,-0.0189467,1.427
1.17558,0.0667789,-0.00896084,1.42908
1.19865,0.0784261,0.00199746,1.43153
1.22607,0.0911214,0.0147191,1.43472
1.25476,0.102052,0.0271785,1.43769
1.2777,0.116479,0.0402292,1.44065
1.30293,0.128384,0.0547268,1.44393
1.32938,0.144787,0.0687193,1.44706
1.35151,0.159153,0.0833478,1.45031
1.3698,0.172652,0.0983043,1.45386
1.38853,0.192177,0.114931,1.45781
1.40557,0.210467,0.131216,1.46138
1.4247,0.229006,0.148489,1.46542
1.44968,0.247403,0.16646,1.47014
1.47293,0.26731,0.186726,1.47572
1.50004,0.289538,0.206496,1.48066
1.52299,0.313029,0.228778,1.48631
1.54553,0.332932,0.24998,1.4924
1.56844,0.352781,0.272139,1.49886
1.59538,0.377067,0.297322,1.50562
1.61725,0.403078,0.321547,1.51254
1.64401,0.428922,0.346489,1.51974
1.67295,0.456496,0.374076,1.52772
1.69336,0.48215,0.400433,1.53537
1.71865,0.509132,0.427621,1.54323
1.74319,0.537325,0.455679,1.55137
1.76867,0.567058,0.486706,1.56059
1.79043,0.59336,0.515943,1.5692
1.81035,0.622401,0.545845,1.57789
1.83286,0.655781,0.579214,1.58753
1.85876,0.68773,0.611295,1.59709
1.88683,0.719671,0.644258,1.607
1.91504,0.755277,0.680425,1.6177
1.9483,0.787353,0.714514,1.62763
1.97745,0.824327,0.752309,1.63876
1.9989,0.858383,0.788718,1.64973
2.02186,0.894739,0.826225,1.66115
2.04567,0.931595,0.864522,1.67286
2.07525,0.970967,0.90651,1.68571
2.10391,1.00819,0.946431,1.69795
2.12799,1.04712,0.987442,1.71059
2.15527,1.0893,1.03275,1.72465
2.17836,1.12953,1.07563,1.73801
2.2069,1.16917,1.11927,1.75159
2.23834,1.21016,1.16385,1.76548
2.26656,1.25573,1.21304,1.78091
2.28952,1.29787,1.25969,1.79565
2.31847,1.34521,1.31084,1.81184
2.3489,1.38914,1.35921,1.82709
2.37289,1.43282,1.40854,1.8427
2.40045,1.50318,1.48637,1.86749
2.42328,1.54899,1.53808,1.88398
2.45162,1.59977,1.59472,1.90203
2.4797,1.64727,1.64827,1.91914
2.50785,1.69604,1.70281,1.93664
2.5304,1.74494,1.7583,1.95448
2.55976,1.79815,1.81904,1.97398
2.58148,1.84876,1.87634,1.99239
2.60742,1.90362,1.93909,2.01262
2.63598,1.95549,1.99834,2.03177
2.65772,2.0079,2.05852,2.05123
2.68674,2.06108,2.11957,2.07098
2.71439,2.11486,2.18152,2.09108
2.74043,2.17351,2.24929,2.11312
2.77233,2.22873,2.31322,2.13393
2.79193,2.28466,2.37807,2.15501
2.81762,2.34121,2.4438,2.17641
2.84048,2.39839,2.51043,2.19814
2.86348,2.45626,2.578,2.22021
2.88277,2.5194,2.65185,2.24435
2.90853,2.58331,2.72673,2.26887
2.93675,2.6433,2.79719,2.29199
2.96437,2.70396,2.86855,2.31543
2.98909,2.7701,2.94647,2.34103
3.01689,2.83225,3.0198,2.36512
3.0403,2.89503,3.09402,2.38954
3.06286,2.96336,3.17494,2.41618
3.08523,3.02752,3.25103,2.44126
3.11289,3.09237,3.32805,2.46667
3.14306,3.15789,3.406,2.49244
3.17176,3.22919,3.49096,2.52054
3.19882,3.29611,3.57079,2.54693
3.21923,3.36375,3.65156,2.57364
3.24725,3.43736,3.73962,2.6028
3.27183,3.50641,3.82235,2.63021
3.29716,3.57611,3.90595,2.65791
3.32468,3.65194,3.99701,2.68809
3.35299,3.72306,4.08254,2.71647
3.3849,3.79497,4.16905,2.74521
3.41276,3.87298,4.26325,2.77654
3.43362,3.94621,4.35166,2.80593
3.46192,4.02013,4.441,2.83565
3.49159,4.09473,4.5313,2.86574
3.51963,4.17581,4.6296,2.89852
3.54275,4.25179,4.72179,2.92927
3.56494,4.32845,4.8149,2.96033
3.59342,4.41178,4.91625,2.99417
3.62004,4.48986,5.01135,3.02596
3.6418,4.56862,5.10736,3.05806
3.67015,4.64807,5.20428,3.09046
3.69606,4.7344,5.30971,3.12571
3.72164,4.81528,5.40862,3.15881
3.75353,4.89684,5.50847,3.19223
3.78091,4.97907,5.6092,3.22595
3.8104,5.06839,5.71871,3.26262
3.84072,5.15205,5.82141,3.29703
3.86225,5.24294,5.93309,3.33449
3.88817,5.32806,6.03776,3.36959
3.91255,5.41387,6.14333,3.40498
3.93279,5.50036,6.24985,3.44069
3.95168,5.58753,6.35733,3.47674
3.97494,5.67537,6.46574,3.51311
4.00101,5.77072,6.5835,3.55262
4.02089,5.85997,6.69382,3.58962
4.03827,5.94992,6.80511,3.62699
4.05327,6.03358,6.90871,3.66179
4.06824,6.13193,7.03058,3.70273
4.09337,6.23818,7.16233,3.74697
4.11813,6.33101,7.27752,3.78567
4.14826,6.42453,7.3937,3.82471
4.17722,6.52601,7.51988,3.86712
4.20712,6.62095,7.63801,3.90683
4.23535,6.71656,7.75705,3.94685
4.26565,6.82029,7.88633,3.99034
4.2879,6.91735,8.00738,4.03108
4.3103,7.01511,8.12939,4.07214
4.33913,7.11356,8.25233,4.11352
4.36606,7.22033,8.38579,4.15845
4.38893,7.32019,8.51072,4.20054
4.41826,7.42074,8.63658,4.24295
4.44718,7.52978,8.77318,4.28899
4.46894,7.63176,8.90099,4.33208
4.49794,7.73443,9.02976,4.37549
4.52534,7.8378,9.1595,4.41923
4.54765,7.94991,9.30028,4.46667
4.57393,8.05471,9.43199,4.51104
4.60251,8.16019,9.56464,4.55572
4.63053,8.27455,9.70858,4.60421
4.65405,8.38145,9.84322,4.64958
4.68248,8.48903,9.97879,4.69527
4.71156,8.59731,10.1153,4.74129
4.73509,8.7147,10.2634,4.79121
4.7644,8.82445,10.4019,4.83791
4.78569,8.9434,10.5522,4.88856
4.81095,9.05455,10.6926,4.93593
4.83712,9.16639,10.834,4.9836
4.86572,9.27894,10.9764,5.03161
4.88898,9.40093,11.1308,5.08367
4.9124,9.51492,11.2751,5.13235
4.94108,9.62961,11.4204,5.18135
4.96633,9.7539,11.5779,5.23448
4.99649,9.87005,11.7252,5.28414
-1,-1,-1,-1
0.009537,-0.000159307,-0.211907,1.35725
0.033877,-0.000226518,-0.211911,1.35726
0.054495,-0.000286537,-0.21191,1.35729
0.082414,-0.000353894,-0.211925,1.35732
0.107828,-0.000434933,-0.211961,1.35735
0.127437,-0.000514725,-0.212018,1.35736
0.15401,-0.000599105,-0.212084,1.35739
0.181196,-0.000695767,-0.212164,1.35742
0.2058,-0.000798224,-0.212256,1.35744
0.236333,-0.000920165,-0.212376,1.35744
0.256912,-0.00104439,-0.212502,1.35744
0.283879,-0.00117806,-0.212642,1.35746
0.308147,-0.00130984,-0.212803,1.35749
0.333016,-0.00146548,-0.213016,1.35751
0.359325,-0.0016146,-0.213235,1.35754
0.384427,-0.00176945,-0.21348,1.35757
0.410848,-0.00194193,-0.213783,1.35759
0.438053,-0.00210125,-0.214108,1.35759
0.466422,-0.00226634,-0.214455,1.35759
0.487018,-0.00244866,-0.214846,1.3576
0.514399,-0.00263632,-0.215242,1.35761
0.541997,-0.00285103,-0.215719,1.35762
0.565485,-0.00306246,-0.216205,1.35762
0.589208,-0.00318994,-0.216723,1.35764
0.609665,-0.00351503,-0.217277,1.35766
0.631572,-0.00375029,-0.217868,1.35767
0.649128,-0.00399288,-0.218505,1.35767
0.666257,-0.00427857,-0.219221,1.35767
0.68466,-0.00445606,-0.219928,1.35767
0.702862,-0.00486929,-0.220733,1.35767
0.725492,-0.00520542,-0.221495,1.35775
0.747073,-0.00543518,-0.222168,1.35804
0.765812,-0.00553519,-0.222779,1.35847
0.789422,-0.00595898,-0.223484,1.35896
0.809336,-0.00401625,-0.224249,1.35935
0.833027,-0.00463562,-0.225089,1.35975
0.849288,-0.00100727,-0.226169,1.36014
0.871571,-0.00167076,-0.227393,1.36041
0.89508,0.00059964,-0.229003,1.36036
0.915464,0.000873829,-0.231413,1.35999
0.933264,0.0031661,-0.233991,1.35934
0.950589,0.00356716,-0.236756,1.35833
0.968944,0.00641685,-0.240101,1.35722
0.998619,0.00781765,-0.243704,1.35591
1.02789,0.0100872,-0.247928,1.35399
1.05898,0.012636,-0.252514,1.35175
1.08687,0.0152261,-0.257569,1.34895
1.1177,0.0170707,-0.263561,1.34565
1.14439,0.0188765,-0.269545,1.34249
1.16316,0.0214286,-0.27566,1.3392
1.18917,0.0252591,-0.281979,1.33566
1.2103,0.0286405,-0.288929,1.33169
1.23881,0.0342575,-0.297152,1.32673
1.27047,0.0330242,-0.306129,1.32114
1.29788,0.03465,-0.315221,1.3156
1.32809,0.0368985,-0.324629,1.30968
1.35447,0.0396715,-0.335288,1.3027
1.37743,0.0440446,-0.345899,1.29564
1.40696,0.0482707,-0.357359,1.28808
1.43656,0.0486757,-0.370423,1.27923
1.46085,0.048913,-0.383465,1.27061
1.48175,0.0505253,-0.397756,1.26078
1.50932,0.0527669,-0.411644,1.25129
1.53481,0.0551992,-0.426132,1.24131
1.5646,0.0586333,-0.441524,1.23085
1.59372,0.0587997,-0.459114,1.21879
1.61608,0.0559174,-0.476227,1.20682
1.64469,0.0535425,-0.494038,1.19423
1.67102,0.0567351,-0.513946,1.17989
1.69453,0.0593546,-0.533247,1.16592
1.71788,0.0608949,-0.553469,1.1513
1.7423,0.0603593,-0.574572,1.1363
1.76611,0.0567663,-0.598113,1.11939
1.79468,0.0561786,-0.620794,1.103
1.82493,0.0547888,-0.644346,1.08587
1.85071,0.0536337,-0.670799,1.06667
1.88096,0.0524168,-0.696343,1.04812
1.90649,0.047341,-0.724677,1.02756
1.93661,0.0435308,-0.751973,1.00816
1.9632,0.0396062,-0.779867,0.988073
1.99285,0.0353828,-0.8087,0.967227
2.02041,0.032354,-0.840888,0.943911
2.04163,0.0260842,-0.871909,0.92156
2.06287,0.0185972,-0.903916,0.898563
2.09253,0.0114239,-0.936716,0.874996
2.12272,0.00418968,-0.972964,0.849023
2.15325,-0.00471173,-1.00756,0.824246
2.178,-0.0103107,-1.04318,0.798886
2.20128,-0.0223195,-1.08261,0.770737
2.22505,-0.0335727,-1.12041,0.743787
2.25487,-0.0456777,-1.1621,0.71395
2.28336,-0.0570258,-1.20174,0.685675
2.31553,-0.0679093,-1.24211,0.656843
2.34613,-0.0825279,-1.28676,0.625263
2.36735,-0.0952196,-1.3291,0.595276
2.39259,-0.109056,-1.37244,0.564865
2.41672,-0.125739,-1.41649,0.534024
2.44282,-0.143637,-1.46494,0.500436
2.47184,-0.161254,-1.51075,0.468737
2.50015,-0.178912,-1.55745,0.436471
2.53002,-0.199241,-1.60867,0.401204
2.55954,-0.218454,-1.65697,0.368236
2.58465,-0.238941,-1.70597,0.335077
2.61355,-0.262551,-1.75954,0.298946
2.63626,-0.282836,-1.81015,0.264924
2.66859,-0.306975,-1.86562,0.227712
2.69521,-0.330127,-1.91795,0.192715
2.71657,-0.352407,-1.96689,0.160174
2.73522,-0.378864,-2.02471,0.121963
2.75457,-0.403902,-2.0792,0.0861213
2.77792,-0.431296,-2.13452,0.049827
2.80264,-0.458793,-2.19501,0.0102857
2.82431,-0.486361,-2.25194,-0.026738
2.84418,-0.5146,-2.30958,-0.0640508
2.86654,-0.545783,-2.3725,-0.104648
2.88619,-0.576037,-2.43178,-0.142775
2.91504,-0.608404,-2.49652,-0.184261
2.94044,-0.639689,-2.55743,-0.223122
2.966,-0.674138,-2.62384,-0.26533
2.99458,-0.706857,-2.6863,-0.304907
3.01993,-0.74032,-2.74959,-0.34488
3.04428,-0.774544,-2.81367,-0.385239
3.07545,-0.812224,-2.88357,-0.429086
3.10676,-0.847938,-2.94924,-0.470156
3.13307,-0.887199,-3.02082,-0.514782
3.15358,-0.921541,-3.08292,-0.553382
3.18436,-0.962431,-3.15622,-0.598825
3.20792,-1.00117,-3.22512,-0.641402
3.2375,-1.04369,-3.30016,-0.687633
3.26044,-1.08393,-3.37065,-0.730924
3.28506,-1.12491,-3.44193,-0.774584
3.31436,-1.16988,-3.51957,-0.822017
3.34189,-1.21239,-3.59248,-0.866446
3.3697,-1.25562,-3.66616,-0.911236
3.39617,-1.30298,-3.74641,-0.959873
3.41856,-1.34774,-3.82174,-1.00541
3.44386,-1.39323,-3.89789,-1.05132
3.4719,-1.44305,-3.98078,-1.10116
3.49671,-1.49007,-4.05857,-1.1478
3.52685,-1.53781,-4.13715,-1.19478
3.55295,-1.58628,-4.21651,-1.24213
3.57769,-1.63931,-4.3029,-1.29353
3.60539,-1.68931,-4.38394,-1.34166
3.63716,-1.74004,-4.46581,-1.39016
3.66599,-1.79551,-4.55486,-1.44277
3.68492,-1.84779,-4.63839,-1.49199
3.70994,-1.90082,-4.72273,-1.54158
3.73374,-1.95458,-4.80788,-1.59152
3.75796,-2.0133,-4.90049,-1.64568
3.78196,-2.06858,-4.9873,-1.69634
3.81325,-2.12892,-5.0817,-1.75131
3.83991,-2.18573,-5.1702,-1.80274
3.86367,-2.24328,-5.25951,-1.85452
3.89345,-2.30156,-5.34964,-1.90667
3.9177,-2.36515,-5.44761,-1.96322
3.9462,-2.42497,-5.53942,-2.01611
3.96926,-2.48553,-5.63205,-2.06937
3.9923,-2.55159,-5.73273,-2.12712
4.01849,-2.61367,-5.82705,-2.18114
4.04476,-2.68135,-5.92953,-2.23971
4.07284,-2.74494,-6.02554,-2.29447
4.09774,-2.80928,-6.12238,-2.34959
4.12993,-2.8794,-6.22759,-2.40937
4.16424,-2.94529,-6.32613,-2.46527
4.19278,-3.01192,-6.4255,-2.52152
4.21908,-3.07929,-6.52567,-2.57813
4.24444,-3.15266,-6.63448,-2.6395
4.27027,-3.22156,-6.73635,-2.69687
4.291,-3.29118,-6.83903,-2.75458
4.31876,-3.36699,-6.95052,-2.81715
4.34968,-3.43819,-7.0549,-2.87563
4.38181,-3.51012,-7.16011,-2.9345
4.41109,-3.5884,-7.27432,-2.99831
4.4372,-3.66184,-7.3812,-3.0579
4.4609,-3.73605,-7.4889,-3.11784
4.48451,-3.81679,-7.60582,-3.18281
4.5112,-3.89253,-7.71524,-3.24355
4.53383,-3.969,-7.8255,-3.30466
4.5688,-4.05219,-7.94514,-3.37086
4.5925,-4.13022,-8.05708,-3.43268
4.61962,-4.20899,-8.16986,-3.49487
4.64829,-4.29467,-8.29225,-3.56228
4.678,-4.37499,-8.40674,-3.62525
4.70158,-4.45606,-8.52205,-3.68856
4.73019,-4.53786,-8.6382,-3.75223
4.75371,-4.62677,-8.76419,-3.82121
4.78287,-4.71011,-8.88205,-3.88564
4.80848,-4.80071,-9.00992,-3.95543
4.8302,-4.88562,-9.12952,-4.0206
4.85604,-4.97126,-9.24995,-4.08614
4.88227,-5.06432,-9.38058,-4.15715
4.91152,-5.15149,-9.50275,-4.22345
4.93925,-5.23942,-9.62575,-4.29011
4.96669,-5.3281,-9.7496,-4.35714
4.9954,-5.42443,-9.8839,-4.42974
-1,-1,-1,-1
0.004272,0.000214289,-0.161573,1.40946
0.027919,0.000310889,-0.161541,1.40945
0.058841,0.000408507,-0.161502,1.40944
0.083427,0.000530229,-0.16146,1.40942
0.105144,0.000669156,-0.161398,1.40941
0.134453,0.000833472,-0.16133,1.4094
0.163619,0.00100373,-0.161261,1.40939
0.195353,0.00119798,-0.161189,1.40935
0.216488,0.00141103,-0.161114,1.4093
0.23825,0.00162835,-0.161033,1.40926
0.259055,0.001853,-0.160945,1.40921
0.275549,0.00210718,-0.160847,1.40914
0.297438,0.002419,-0.160744,1.40907
0.321686,0.00274495,-0.160618,1.40901
0.345797,0.00308258,-0.160482,1.40898
0.36855,0.00342383,-0.160341,1.40895
0.393668,0.0037907,-0.160189,1.40891
0.418285,0.00417704,-0.160029,1.40887
0.447628,0.00460775,-0.159836,1.40884
0.471231,0.00502761,-0.159652,1.4088
0.500583,0.00550091,-0.159439,1.40872
0.528097,0.00594895,-0.159233,1.40865
0.559385,0.00640266,-0.158991,1.40856
0.580386,0.00687841,-0.158729,1.40848
0.606705,0.00738291,-0.158446,1.40839
0.628488,0.00795502,-0.158117,1.4083
0.65207,0.00850253,-0.157791,1.40822
0.683293,0.00906815,-0.15744,1.40815
0.712408,0.00965459,-0.157082,1.40808
0.743895,0.0102994,-0.156689,1.40801
0.775919,0.0100456,-0.156308,1.40793
0.806071,0.0102525,-0.155861,1.40784
0.830496,0.0123028,-0.155446,1.40774
0.856452,0.0116908,-0.155102,1.40752
0.87872,0.0136242,-0.154867,1.40707
0.903545,0.0148684,-0.154713,1.4065
0.920411,0.0153336,-0.154489,1.406
0.944421,0.0163318,-0.15418,1.40557
0.962658,0.0173421,-0.153853,1.40508
0.979273,0.0154866,-0.153673,1.40433
1.00281,0.0160513,-0.153632,1.40341
1.02499,0.0150483,-0.153508,1.40262
1.04062,0.011671,-0.15333,1.40178
1.05356,0.0129307,-0.152936,1.40124
1.07218,0.0101021,-0.152379,1.40056
1.10121,0.0121254,-0.151962,1.39941
1.12383,0.0102598,-0.151636,1.39825
1.15242,0.0108205,-0.151172,1.39721
1.18356,0.00822446,-0.150543,1.3963
1.21181,0.0094645,-0.149569,1.39535
1.23163,0.00847623,-0.148572,1.3943
1.25642,0.00861838,-0.147543,1.39301
1.28047,0.0109114,-0.146437,1.3917
1.30252,0.00866588,-0.145184,1.39044
1.32273,0.0107116,-0.143547,1.3892
1.34475,0.0102221,-0.141727,1.38817
1.37114,0.0124821,-0.139343,1.3871
1.39801,0.0120864,-0.136831,1.38627
1.42209,0.0155846,-0.133864,1.38533
1.44977,0.0159551,-0.130396,1.38446
1.47575,0.0185769,-0.126985,1.38385
1.50097,0.0215298,-0.1235,1.38308
1.52215,0.0277921,-0.119081,1.3821
1.54761,0.0307853,-0.11481,1.38131
1.57097,0.0333852,-0.110392,1.38068
1.59232,0.0372689,-0.105194,1.37999
1.61223,0.0408009,-0.0995777,1.37941
1.63162,0.0480251,-0.0928982,1.37918
1.65136,0.051652,-0.0864461,1.37901
1.67343,0.0608333,-0.0795214,1.37852
1.69859,0.0652834,-0.0719191,1.37796
1.7235,0.0745283,-0.0643875,1.37744
1.75064,0.0803704,-0.0563832,1.37698
1.77537,0.090554,-0.0477262,1.37681
1.80361,0.0994285,-0.0379272,1.3767
1.82876,0.108756,-0.0286496,1.3764
1.85414,0.119885,-0.0190722,1.37581
1.88201,0.13175,-0.00845019,1.37531
1.90219,0.14535,0.00221653,1.37507
1.9294,0.156393,0.0137574,1.37519
1.95555,0.171369,0.0270035,1.37576
1.98244,0.185225,0.0400366,1.37617
2.00735,0.198033,0.0534455,1.3765
2.03377,0.216317,0.0685493,1.37693
2.0535,0.22932,0.0829722,1.37736
2.07296,0.247773,0.09816,1.37775
2.09625,0.265626,0.113766,1.37846
2.12087,0.286556,0.131005,1.37909
2.14222,0.305212,0.147817,1.37966
2.16765,0.325487,0.165667,1.38072
2.19054,0.347702,0.185883,1.38257
2.21842,0.36788,0.205257,1.38435
2.24261,0.390961,0.225424,1.38588
2.26958,0.413167,0.246454,1.38761
2.29035,0.439543,0.27003,1.39036
2.31277,0.464524,0.292987,1.39318
2.335,0.490304,0.316761,1.39578
2.35448,0.516016,0.342919,1.39904
2.37913,0.541416,0.368059,1.40234
2.40654,0.567141,0.394189,1.40574
2.42922,0.598333,0.423252,1.40959
2.45492,0.628788,0.450882,1.41334
2.47913,0.659209,0.479181,1.41729
2.50515,0.688331,0.508386,1.42126
2.5255,0.721844,0.540608,1.42584
2.54704,0.754645,0.571336,1.43023
2.57654,0.790834,0.605174,1.43511
2.59947,0.823737,0.637386,1.43988
2.62399,0.858031,0.670414,1.4448
2.65311,0.89263,0.704232,1.44989
2.67767,0.92778,0.741493,1.45556
2.70154,0.963775,0.777141,1.4611
2.72436,1.00032,0.813849,1.46696
2.74454,1.03896,0.851422,1.47305
2.76438,1.08085,0.89268,1.47976
2.79272,1.11935,0.931807,1.48615
2.82072,1.15987,0.971887,1.49278
2.84314,1.20348,1.0161,1.50026
2.86768,1.24527,1.05803,1.50742
2.89696,1.287,1.10076,1.51473
2.92277,1.3337,1.14774,1.52284
2.94588,1.37701,1.19232,1.53064
2.9761,1.42161,1.23777,1.53867
2.99478,1.4666,1.28407,1.54688
3.02247,1.51549,1.33488,1.55592
3.04633,1.56231,1.38298,1.56456
3.06915,1.60914,1.43198,1.57347
3.09418,1.66102,1.48574,1.58331
3.11904,1.70964,1.53655,1.59263
3.14665,1.75892,1.58821,1.60218
3.16359,1.80855,1.64075,1.61197
3.18584,1.85952,1.69419,1.62199
3.20956,1.91488,1.75272,1.63302
3.23174,1.96699,1.80798,1.64346
3.25088,2.01977,1.8641,1.65413
3.27552,2.07359,1.9211,1.66502
3.2952,2.13134,1.98346,1.67699
3.31616,2.18631,2.04229,1.68835
3.33832,2.24199,2.10201,1.69994
3.3601,2.30272,2.16729,1.71264
3.38406,2.35985,2.2288,1.72466
3.40417,2.42219,2.296,1.73778
3.42988,2.48064,2.35928,1.75019
3.45107,2.54034,2.42347,1.7629
3.47296,2.60489,2.49369,1.77694
3.5003,2.66514,2.55984,1.79021
3.52763,2.72658,2.62682,1.80365
3.5521,2.78867,2.69464,1.81729
3.58099,2.85677,2.76869,1.83229
3.61297,2.92033,2.83843,1.84647
3.64406,2.98912,2.91452,1.86195
3.67131,3.05412,2.98603,1.87655
3.70051,3.11978,3.05842,1.89137
3.73167,3.18664,3.13174,1.90644
3.76055,3.25848,3.21172,1.92293
3.78846,3.32631,3.28688,1.93847
3.816,3.39484,3.36291,1.95424
3.84378,3.46951,3.44582,1.97149
3.87566,3.5399,3.52378,1.98777
3.89964,3.61024,3.60263,2.00427
3.92512,3.68706,3.68849,2.02225
3.95201,3.7592,3.76911,2.03916
3.97974,3.83252,3.85066,2.0563
4.00807,3.90573,3.93312,2.07367
4.03483,3.98564,4.02291,2.09264
4.05538,4.06064,4.1072,2.11048
4.08258,4.13635,4.19237,2.12854
4.10534,4.21918,4.28515,2.14825
4.12718,4.29602,4.37224,2.16681
4.14981,4.37382,4.4602,2.18558
4.17721,4.45848,4.55588,2.20601
4.19959,4.53792,4.64567,2.22521
4.22414,4.61835,4.73638,2.24466
4.2552,4.69911,4.82801,2.26436
4.28699,4.7864,4.92768,2.28582
4.31019,4.86862,5.02113,2.30594
4.33385,4.95165,5.11549,2.32628
4.36227,5.03569,5.21079,2.34686
4.38685,5.1261,5.31443,2.36925
4.41666,5.21121,5.41156,2.39027
4.44464,5.29703,5.50958,2.4115
4.46905,5.39071,5.61618,2.43465
4.49777,5.47762,5.71612,2.45637
4.52544,5.5723,5.82473,2.47999
4.55181,5.66103,5.92648,2.50214
4.57848,5.7502,6.02914,2.52453
4.60056,5.8411,6.13276,2.54718
4.62492,5.9386,6.24538,2.57184
4.65227,6.0301,6.35085,2.59495
4.68352,6.12241,6.4572,2.61825
4.71305,6.21553,6.56449,2.64178
4.73864,6.31691,6.68111,2.6674
4.7673,6.41097,6.79035,2.69142
4.79691,6.50619,6.90044,2.71563
4.82367,6.60963,7.02002,2.74195
4.84443,6.70672,7.13203,2.76666
4.86954,6.80377,7.24496,2.79159
4.89562,6.9018,7.35877,2.81673
4.91726,7.00826,7.48233,2.84402
4.94178,7.10796,7.59803,2.8696
4.97036,7.21639,7.72367,2.89742
4.99907,7.31698,7.84128,2.92348
-1,-1,-1,-1
0.025978,-0.00025187,-0.207691,1.33653
0.050488,-0.00034817,-0.20763,1.33585
0.071489,-0.00120408,-0.207569,1.33515
0.095953,-0.000978866,-0.207525,1.33434
0.120068,-0.000747806,-0.207489,1.33357
0.147226,-0.000914824,-0.207459,1.33277
0.171009,-0.00185525,-0.207438,1.33188
0.195964,-0.00131885,-0.207441,1.33103
0.216642,-0.00152138,-0.207449,1.33017
0.247654,-0.00173354,-0.207445,1.3293
0.275916,-0.00197542,-0.207447,1.32836
0.307936,-0.00259642,-0.207476,1.32744
0.330035,-0.00287804,-0.207528,1.3264
0.356111,-0.00279083,-0.207594,1.32542
0.381867,-0.00309782,-0.20768,1.32441
0.409277,-0.00344817,-0.207788,1.3233
0.436759,-0.00379027,-0.207899,1.32224
0.46437,-0.00415182,-0.208011,1.32116
0.495699,-0.00453913,-0.208128,1.32007
0.517242,-0.00498169,-0.208284,1.31885
0.544901,-0.00578056,-0.208459,1.31767
0.569632,-0.00584639,-0.208656,1.31645
0.597726,-0.00634424,-0.208871,1.31512
0.625214,-0.00683602,-0.20909,1.31385
0.652177,-0.0077348,-0.20935,1.31255
0.676944,-0.00795491,-0.20967,1.31113
0.705226,-0.00851641,-0.209974,1.3098
0.737894,-0.00909444,-0.210289,1.3085
0.766686,-0.0101056,-0.210679,1.30706
0.789571,-0.0108409,-0.211068,1.30574
0.818783,-0.0115388,-0.211398,1.30455
0.846455,-0.0122918,-0.211655,1.30338
0.871361,-0.0129129,-0.211944,1.30225
0.900044,-0.0122658,-0.212257,1.30117
0.927806,-0.0112713,-0.212625,1.30006
0.956652,-0.010456,-0.21308,1.29882
0.983079,-0.00992444,-0.213696,1.29764
1.00604,-0.00965307,-0.214499,1.29612
1.03019,-0.00784516,-0.216064,1.29419
1.05756,-0.00589084,-0.21792,1.29202
1.08864,-0.00610532,-0.220118,1.28953
1.10966,-0.00420382,-0.222542,1.28654
1.13823,-0.00288603,-0.225371,1.28379
1.16511,-0.000199462,-0.228323,1.28052
1.19376,0.000964322,-0.23214,1.27663
1.2256,0.00305747,-0.236178,1.27239
1.24814,0.00539296,-0.240683,1.26773
1.2778,0.00673551,-0.245608,1.26289
1.29915,0.00907747,-0.251275,1.25761
1.32491,0.0118335,-0.256551,1.25243
1.34652,0.0145821,-0.262846,1.24654
1.3746,0.0190258,-0.269227,1.24045
1.40282,0.0206014,-0.276332,1.2338
1.42712,0.0225128,-0.284628,1.22615
1.45786,0.0228339,-0.29298,1.21881
1.48027,0.0255232,-0.301548,1.2109
1.50781,0.0294611,-0.311522,1.20178
1.52942,0.0337146,-0.321516,1.19267
1.56121,0.0360193,-0.332252,1.18296
1.58597,0.0371001,-0.343708,1.17274
1.60903,0.0365072,-0.356739,1.16131
1.63636,0.0402892,-0.36908,1.15026
1.66206,0.042198,-0.382046,1.13869
1.68996,0.0461236,-0.396847,1.12575
1.72068,0.0468417,-0.411525,1.11314
1.74798,0.0452235,-0.427193,1.09984
1.77782,0.0416786,-0.444607,1.08472
1.80125,0.0445534,-0.461647,1.07016
1.82589,0.0474889,-0.479158,1.05482
1.85468,0.0495087,-0.49923,1.03766
1.8853,0.0512469,-0.518641,1.02109
1.90827,0.0486237,-0.539009,1.0041
1.93803,0.0447186,-0.561547,0.984832
1.96736,0.0467886,-0.583423,0.966326
1.9895,0.0456234,-0.605968,0.94691
2.01505,0.045292,-0.629698,0.926853
2.04085,0.0438746,-0.654075,0.905979
2.06763,0.0397203,-0.681387,0.88314
2.09247,0.0352442,-0.707515,0.861331
2.11198,0.0342655,-0.73438,0.838786
2.13899,0.0303671,-0.764367,0.813566
2.16285,0.0270843,-0.793329,0.789489
2.19139,0.0206655,-0.825706,0.762846
2.21992,0.0132696,-0.856704,0.737361
2.24494,0.00746783,-0.888409,0.711373
2.2754,-9.00808e-05,-0.923671,0.682716
2.2975,-0.00538977,-0.957406,0.655428
2.32805,-0.0127673,-0.991979,0.627487
2.35813,-0.0214247,-1.03042,0.59662
2.37983,-0.0329972,-1.0642,0.56945
2.40272,-0.0418987,-1.10454,0.537126
2.42452,-0.0539486,-1.14281,0.506506
2.45526,-0.0645712,-1.18505,0.472954
2.48118,-0.077466,-1.22527,0.441246
2.50941,-0.0900096,-1.26646,0.40901
2.53472,-0.10395,-1.31169,0.373814
2.558,-0.119864,-1.35455,0.340783
2.58892,-0.136115,-1.40154,0.304725
2.6205,-0.158876,-1.46697,0.254745
2.65134,-0.176701,-1.51277,0.219975
2.67504,-0.195127,-1.56287,0.182322
2.70452,-0.214449,-1.61008,0.147194
2.72008,-0.232063,-1.65428,0.114426
2.7328,-0.251804,-1.70297,0.0784497
2.74784,-0.270999,-1.75253,0.041965
2.76322,-0.294054,-1.80679,0.00223001
2.78174,-0.316911,-1.85789,-0.0349353
2.79591,-0.344262,-1.91768,-0.0781094
2.81478,-0.364362,-1.96625,-0.113015
2.83146,-0.388356,-2.01965,-0.151284
2.85482,-0.415013,-2.07807,-0.19293
2.87897,-0.440501,-2.13306,-0.231906
2.90009,-0.4688,-2.19307,-0.274193
2.92489,-0.495502,-2.24958,-0.313839
2.94903,-0.525208,-2.31133,-0.356995
2.964,-0.551348,-2.365,-0.394321
2.97893,-0.580334,-2.42384,-0.435065
3.00469,-0.612416,-2.488,-0.479278
3.0239,-0.645018,-2.55303,-0.523881
3.04378,-0.67616,-2.61424,-0.565701
3.06864,-0.708023,-2.67624,-0.607893
3.09304,-0.743103,-2.74385,-0.653707
3.11945,-0.776367,-2.80739,-0.696587
3.14141,-0.810323,-2.8717,-0.739814
3.16258,-0.847698,-2.94184,-0.786768
3.18825,-0.883139,-3.0078,-0.830735
3.21686,-0.919273,-3.07451,-0.875037
3.23804,-0.95609,-3.14196,-0.919657
3.25875,-0.996525,-3.21545,-0.968094
3.28265,-1.03481,-3.28448,-1.01345
3.31087,-1.07379,-3.3543,-1.05916
3.33886,-1.11347,-3.42487,-1.10523
3.36171,-1.15698,-3.50173,-1.15523
3.38185,-1.1981,-3.5739,-1.20203
3.40647,-1.24318,-3.65249,-1.25284
3.42781,-1.28578,-3.72627,-1.30039
3.45247,-1.32908,-3.80082,-1.34827
3.47353,-1.37307,-3.87614,-1.3965
3.49294,-1.42122,-3.95812,-1.44883
3.51961,-1.46667,-4.03506,-1.49779
3.54271,-1.51282,-4.11277,-1.54711
3.56863,-1.56329,-4.19733,-1.60061
3.59409,-1.61089,-4.27666,-1.65065
3.6194,-1.6592,-4.35678,-1.70106
3.64659,-1.7082,-4.43769,-1.75182
3.66881,-1.76174,-4.5257,-1.80687
3.68796,-1.81219,-4.60822,-1.85833
3.7135,-1.86333,-4.69152,-1.91014
3.74159,-1.91918,-4.78211,-1.96634
3.76577,-1.97177,-4.86704,-2.01889
3.78601,-2.02508,-4.95277,-2.07179
3.80974,-2.08329,-5.04599,-2.12917
3.83708,-2.13807,-5.13337,-2.18283
3.86595,-2.19356,-5.22153,-2.23683
3.89518,-2.24977,-5.31048,-2.29116
3.91881,-2.31108,-5.40716,-2.35006
3.9437,-2.36875,-5.49776,-2.40513
3.96811,-2.42712,-5.58916,-2.46058
3.99013,-2.49077,-5.68848,-2.52069
4.01208,-2.55059,-5.78153,-2.57686
4.04248,-2.61582,-5.88266,-2.63776
4.06887,-2.67713,-5.97738,-2.69469
4.09637,-2.73915,-6.07291,-2.75197
4.12903,-2.80674,-6.17666,-2.81404
4.15945,-2.87023,-6.27383,-2.87203
4.1875,-2.93442,-6.37181,-2.93038
4.20335,-2.99429,-6.46295,-2.98457
4.22795,-3.06489,-6.57013,-3.04815
4.25138,-3.13631,-6.67824,-3.11215
4.28069,-3.20334,-6.77946,-3.17194
4.30252,-3.27108,-6.88149,-3.23207
4.32822,-3.33953,-6.98432,-3.29253
4.35096,-3.41404,-7.09595,-3.35804
4.37623,-3.48397,-7.20046,-3.41923
4.39832,-3.55459,-7.30577,-3.4808
4.42101,-3.6259,-7.41189,-3.54271
4.44438,-3.70349,-7.52707,-3.60977
4.47017,-3.77628,-7.63485,-3.67241
4.49123,-3.84979,-7.74345,-3.7354
4.51802,-3.92973,-7.86132,-3.80362
4.54259,-4.00469,-7.9716,-3.86732
4.57039,-4.08619,-8.09128,-3.93632
4.59177,-4.16261,-8.20325,-4.00078
4.61434,-4.23974,-8.31605,-4.06561
4.64235,-4.31757,-8.42966,-4.13078
4.66681,-4.40218,-8.55292,-4.20135
4.69798,-4.48147,-8.66823,-4.26725
4.72277,-4.56764,-8.79331,-4.3386
4.75199,-4.64838,-8.9103,-4.40521
4.77528,-4.72983,-9.02812,-4.47217
4.80103,-4.81197,-9.14674,-4.53951
4.82773,-4.90123,-9.27541,-4.61243
4.85131,-4.98484,-9.39574,-4.68051
4.88002,-5.06918,-9.51691,-4.74895
4.90167,-5.16079,-9.64833,-4.82305
4.93265,-5.24658,-9.77122,-4.89224
4.95447,-5.33309,-9.89493,-4.96176
4.97826,-5.42705,-10.0291,-5.03701
-1,-1,-1,-1
0.023176,0.00015308,-0.162962,1.40058
0.053555,0.000215124,-0.162898,1.40058
0.079307,0.000286582,-0.162817,1.4006
0.110941,0.000366432,-0.162726,1.40061
0.142557,0.000460999,-0.162628,1.4006
0.172054,0.000560855,-0.16253,1.40059
0.197282,0.000675341,-0.162428,1.40058
0.22694,0.000818891,-0.162284,1.40059
0.258585,0.000956249,-0.162133,1.4006
0.28326,0.00108091,-0.16198,1.40059
0.307598,0.00121413,-0.16183,1.40059
0.330981,0.00136287,-0.161659,1.4006
0.358697,0.00150538,-0.161468,1.40061
0.379155,0.00165941,-0.16127,1.40062
0.401174,0.00183174,-0.161059,1.40062
0.426552,0.00199464,-0.160858,1.4006
0.453174,0.00215968,-0.160622,1.40059
0.486279,0.00234283,-0.160342,1.40059
0.516166,0.00251438,-0.160071,1.40059
0.539734,0.00267896,-0.159801,1.40059
0.57085,0.00285385,-0.159503,1.40058
0.601423,0.003015,-0.159201,1.40057
0.630792,0.00317984,-0.15887,1.40055
0.664609,0.00336664,-0.158492,1.40052
0.695713,0.00354885,-0.158124,1.40049
0.718995,0.00373436,-0.157729,1.40045
0.749958,0.00394028,-0.157263,1.40043
0.776951,0.00413408,-0.156803,1.40042
0.810577,0.00432726,-0.156319,1.40041
0.84293,0.00454132,-0.15578,1.40039
0.874269,0.00451726,-0.155246,1.40037
0.898682,0.00610619,-0.154679,1.4003
0.929136,0.00501513,-0.154136,1.40007
0.96058,0.00544406,-0.153791,1.39952
0.985009,0.00628875,-0.153477,1.39893
1.01016,0.0062591,-0.153011,1.39849
1.03776,0.00681591,-0.152365,1.39819
1.05926,0.00705109,-0.151737,1.39784
1.08859,0.0065031,-0.151229,1.39732
1.1206,0.00555429,-0.150859,1.39655
1.14813,0.00407094,-0.150438,1.39586
1.1764,0.000946235,-0.149954,1.39498
1.19891,0.000470374,-0.149321,1.39436
1.22783,-0.000740149,-0.148456,1.39379
1.25727,-0.00255415,-0.147771,1.39306
1.29178,-0.00374617,-0.147134,1.39197
1.32156,-0.00342523,-0.146414,1.391
1.35077,-0.00797526,-0.145528,1.39013
1.37972,-0.00841001,-0.144236,1.38939
1.40976,-0.00824408,-0.142916,1.38868
1.43549,-0.00987984,-0.141563,1.38776
1.45921,-0.00964329,-0.140218,1.38668
1.4873,-0.0117813,-0.138566,1.38551
1.51276,-0.0109162,-0.136745,1.38451
1.54037,-0.012099,-0.134467,1.38369
1.56878,-0.0117028,-0.131564,1.38294
1.59586,-0.0123337,-0.128653,1.38238
1.62049,-0.010307,-0.125408,1.38162
1.6442,-0.0108913,-0.121639,1.38052
1.6716,-0.00767112,-0.117972,1.37986
1.69878,-0.00595161,-0.113917,1.37912
1.72868,-0.00172784,-0.109075,1.37833
1.75641,-0.000798683,-0.104274,1.37757
1.7797,0.00180485,-0.0993607,1.37701
1.80768,0.00449743,-0.0937505,1.37634
1.83141,0.00641961,-0.0878677,1.37564
1.85888,0.0119852,-0.0813921,1.37526
1.8863,0.014877,-0.0747668,1.37494
1.91598,0.0247526,-0.0670977,1.37431
1.94522,0.0273583,-0.0596614,1.37361
1.9755,0.0356619,-0.0512213,1.37301
1.99857,0.0408177,-0.042805,1.37255
2.0203,0.0494702,-0.03376,1.37224
2.05103,0.0570954,-0.0235717,1.372
2.07916,0.065308,-0.0139346,1.37164
2.10057,0.075256,-0.00398581,1.37081
2.12222,0.0849459,0.00624908,1.37007
2.14616,0.0974351,0.0171041,1.36955
2.16865,0.108428,0.0298475,1.36933
2.19352,0.122173,0.0434507,1.36955
2.21617,0.134393,0.0568266,1.36967
2.23805,0.147206,0.0706391,1.36963
2.26273,0.163739,0.0861308,1.36966
2.28444,0.176408,0.100964,1.36973
2.30702,0.192987,0.11646,1.36976
2.33383,0.209392,0.132453,1.37005
2.35576,0.229257,0.150103,1.37038
2.37981,0.246989,0.16716,1.37054
2.40949,0.266294,0.185312,1.37105
2.43501,0.288125,0.205905,1.37239
2.45837,0.305851,0.225669,1.37387
2.4804,0.32777,0.246091,1.37497
2.50443,0.351149,0.269106,1.37627
2.52904,0.374039,0.291266,1.37831
2.55786,0.39787,0.314476,1.38067
2.58285,0.424854,0.340396,1.38305
2.60031,0.445652,0.363237,1.38529
2.62493,0.470802,0.390616,1.38833
2.64733,0.496633,0.419198,1.39154
2.67585,0.525347,0.446681,1.39462
2.70031,0.554633,0.474731,1.39787
2.72928,0.586009,0.505613,1.40147
2.75847,0.613948,0.535132,1.4049
2.78919,0.643932,0.56538,1.4086
2.81389,0.675091,0.596456,1.41247
2.84558,0.709999,0.630695,1.41672
2.8757,0.742819,0.663206,1.42088
2.90033,0.77512,0.696636,1.42534
2.92265,0.80985,0.73366,1.43041
2.94769,0.841431,0.768746,1.43515
2.97825,0.880071,0.807519,1.44041
3.00313,0.915243,0.844599,1.44565
3.02866,0.951834,0.882656,1.45124
3.05007,0.989572,0.92154,1.457
3.07668,1.0309,0.964257,1.46327
3.10597,1.06906,1.00482,1.46925
3.12767,1.10913,1.04634,1.47552
3.1556,1.15231,1.0921,1.48255
3.17889,1.19252,1.13546,1.48923
3.20612,1.23489,1.17962,1.49601
3.23086,1.28032,1.22809,1.50349
3.25289,1.32323,1.27411,1.51076
3.27551,1.36596,1.32117,1.51835
3.29865,1.41073,1.36916,1.52613
3.3301,1.45889,1.42171,1.53464
3.35696,1.50467,1.47135,1.54274
3.38865,1.55165,1.52197,1.55114
3.41917,1.60171,1.57761,1.56047
3.44586,1.64987,1.63019,1.56929
3.472,1.69837,1.68359,1.57827
3.49599,1.75178,1.74209,1.58819
3.52182,1.8009,1.79744,1.59768
3.5501,1.8515,1.85374,1.6074
3.57607,1.90707,1.91533,1.61807
3.5992,1.95903,1.97339,1.62816
3.62244,2.01136,2.03239,1.63849
3.65272,2.06886,2.09702,1.6499
3.67884,2.12296,2.15799,1.66072
3.70915,2.18226,2.22461,1.67257
3.72806,2.23312,2.28251,1.6829
3.74727,2.28918,2.34616,1.6943
3.76555,2.35034,2.41578,1.70685
3.78911,2.41229,2.48645,1.71963
3.82064,2.4708,2.55299,1.73172
3.84849,2.52936,2.62044,1.74402
3.87668,2.59354,2.69416,1.75752
3.90607,2.65384,2.76358,1.77028
3.93417,2.71548,2.83391,1.78323
3.95775,2.78126,2.91065,1.79739
3.9872,2.84365,2.98288,1.81079
4.01257,2.90672,3.05605,1.82442
4.03489,2.97539,3.13587,1.83933
4.05903,3.03987,3.21092,1.85338
4.087,3.10503,3.28691,1.86765
4.1043,3.16577,3.3579,1.88105
4.12111,3.23735,3.44172,1.89692
4.13717,3.30453,3.52048,1.91183
4.15928,3.37239,3.60016,1.92694
4.18088,3.447,3.68703,1.94347
4.20035,3.51626,3.76867,1.95906
4.22044,3.58543,3.85121,1.97484
4.24306,3.66152,3.94114,1.99207
4.2663,3.73288,4.02564,2.0083
4.28539,3.81125,4.11769,2.02602
4.30441,3.88323,4.20413,2.04268
4.3342,3.96233,4.29824,2.06085
4.3609,4.03646,4.38659,2.07792
4.39067,4.11126,4.4759,2.09522
4.41973,4.19258,4.57315,2.1141
4.44909,4.26882,4.66442,2.13185
4.47839,4.34572,4.75662,2.14981
4.49995,4.42927,4.85696,2.16939
4.52238,4.50755,4.95112,2.18779
4.55083,4.58652,5.04622,2.20639
4.57847,4.67231,5.14968,2.22667
4.60948,4.75345,5.24673,2.24572
4.63474,4.83374,5.34475,2.26499
4.6642,4.92179,5.45136,2.28598
4.6873,5.00424,5.55133,2.30569
4.72202,5.08737,5.65223,2.3256
4.75091,5.17764,5.76195,2.34728
4.7855,5.26294,5.86483,2.36766
4.81092,5.34736,5.96866,2.38824
4.83954,5.43985,6.08151,2.41062
4.86171,5.51974,6.1791,2.42999
4.87906,5.61368,6.29399,2.45279
4.90267,5.7016,6.40168,2.47419
4.92584,5.7902,6.51031,2.49582
4.94992,5.87945,6.61989,2.51765
4.97345,5.97633,6.73895,2.54138
4.99589,6.067,6.85051,2.56366
-1,-1,-1,-1
0.001104,-0.001691,-0.209238,1.34405
0.028666,-0.00178821,-0.208974,1.34319
0.051398,-0.00245774,-0.208634,1.34247
0.070208,-0.00262868,-0.208304,1.34177
0.090554,-0.00241124,-0.208079,1.3409
0.117099,-0.0012239,-0.207836,1.34
0.146278,-0.000744004,-0.207648,1.33911
0.174058,0.00245684,-0.207576,1.33818
0.20034,0.00218493,-0.20788,1.33681
0.220414,0.004337,-0.208795,1.33512
0.251017,0.00346414,-0.210088,1.33307
0.277562,0.00562357,-0.211602,1.3307
0.303058,0.00748378,-0.213281,1.32798
0.317489,0.00768792,-0.215224,1.32559
0.327905,0.00986352,-0.217513,1.3225
0.340682,0.0117339,-0.220339,1.31898
0.363401,0.0128228,-0.224215,1.3141
0.385792,0.0149502,-0.227991,1.30934
0.411356,0.0149895,-0.232184,1.30447
0.436974,0.0171106,-0.236925,1.2991
0.458481,0.0179571,-0.241375,1.29381
0.487565,0.0208635,-0.246733,1.28773
0.515181,0.0219523,-0.252211,1.28139
0.546968,0.0246116,-0.258263,1.27446
0.570235,0.0240146,-0.264858,1.2671
0.595806,0.0240277,-0.272588,1.25886
0.613636,0.0245706,-0.280062,1.25069
0.641265,0.0267267,-0.288145,1.24192
0.66879,0.0278078,-0.297538,1.23177
0.691097,0.0292774,-0.306835,1.22162
0.72205,0.0274421,-0.316804,1.21097
0.751005,0.0259371,-0.328067,1.19912
0.776318,0.0267903,-0.337965,1.18862
0.800649,0.0253987,-0.350164,1.17586
0.823125,0.0258514,-0.362167,1.16353
0.844391,0.0241104,-0.374893,1.15054
0.861725,0.0205825,-0.388484,1.13691
0.880715,0.0141273,-0.403591,1.12141
0.907218,0.0124481,-0.418475,1.10643
0.930749,0.0108581,-0.434964,1.08945
0.962509,0.00967725,-0.451274,1.07304
0.991384,0.00593054,-0.468112,1.056
1.02023,0.00100412,-0.487085,1.03714
1.0464,-0.00755883,-0.505197,1.0188
1.07123,-0.0107635,-0.524195,0.999866
1.09525,-0.0169229,-0.545353,0.978419
1.12283,-0.0222091,-0.566051,0.957817
1.15365,-0.0298114,-0.587096,0.93639
1.18243,-0.0403065,-0.610723,0.912982
1.21048,-0.0490802,-0.63329,0.890632
1.2347,-0.0567832,-0.656511,0.867475
1.26562,-0.0673807,-0.682396,0.84161
1.29094,-0.0765118,-0.707333,0.816862
1.30572,-0.087165,-0.731057,0.793422
1.32622,-0.101896,-0.75759,0.767314
1.348,-0.114347,-0.786828,0.738513
1.36981,-0.129668,-0.814701,0.711132
1.39316,-0.142492,-0.843266,0.683242
1.41142,-0.159021,-0.874786,0.652522
1.43148,-0.1747,-0.904901,0.623216
1.45282,-0.19412,-0.938175,0.590675
1.47471,-0.209932,-0.969795,0.55976
1.49663,-0.230963,-1.00458,0.525825
1.52802,-0.252724,-1.03764,0.493715
1.54751,-0.272025,-1.07137,0.460956
1.57241,-0.294014,-1.10576,0.427684
1.59802,-0.312619,-1.14068,0.393981
1.6187,-0.341445,-1.179,0.357265
1.64766,-0.364779,-1.21516,0.322711
1.67264,-0.393418,-1.25487,0.284832
1.69459,-0.419408,-1.29235,0.249041
1.71858,-0.445541,-1.33042,0.212967
1.75152,-0.476474,-1.37183,0.174029
1.77329,-0.506034,-1.41076,0.137627
1.80508,-0.534907,-1.45026,0.100729
1.83501,-0.564949,-1.49044,0.0631916
1.85812,-0.598248,-1.53441,0.0221294
1.88683,-0.630528,-1.57574,-0.0163307
1.91892,-0.665648,-1.62075,-0.0579041
1.95278,-0.69978,-1.66302,-0.0967748
1.97618,-0.733966,-1.70588,-0.136127
2.00653,-0.76865,-1.74935,-0.175983
2.0345,-0.807136,-1.79678,-0.21929
2.06208,-0.845416,-1.84131,-0.259785
2.09335,-0.883147,-1.88635,-0.300612
2.1254,-0.924547,-1.93547,-0.345031
2.15073,-0.962921,-1.98168,-0.386695
2.17555,-1.00353,-2.02844,-0.428701
2.19968,-1.04564,-2.0757,-0.471039
2.23133,-1.09075,-2.12719,-0.517031
2.25093,-1.13335,-2.17557,-0.560151
2.27388,-1.17694,-2.22453,-0.603677
2.2983,-1.22482,-2.27787,-0.650961
2.32223,-1.27024,-2.32794,-0.695226
2.34434,-1.3163,-2.37855,-0.739831
2.36977,-1.36305,-2.4297,-0.784803
2.39221,-1.4145,-2.48542,-0.833661
2.42223,-1.46313,-2.53773,-0.879426
2.45437,-1.51267,-2.59057,-0.925548
2.4816,-1.56675,-2.64809,-0.97561
2.50629,-1.61782,-2.70207,-1.02249
2.53017,-1.66961,-2.75662,-1.06976
2.56053,-1.72644,-2.816,-1.12108
2.58343,-1.78018,-2.8717,-1.1691
2.61393,-1.83459,-2.92794,-1.21745
2.63846,-1.88968,-2.98474,-1.26618
2.67001,-1.95007,-3.04655,-1.31908
2.69399,-2.00258,-3.10005,-1.36477
2.7175,-2.06486,-3.16307,-1.41843
2.74826,-2.12794,-3.22672,-1.47252
2.77394,-2.18722,-3.28642,-1.52314
2.80241,-2.2476,-3.34668,-1.57414
2.82804,-2.31339,-3.4122,-1.62946
2.85635,-2.3753,-3.47361,-1.6812
2.88579,-2.43801,-3.53559,-1.73332
2.91306,-2.50646,-3.60298,-1.78987
2.93946,-2.57087,-3.66614,-1.84276
2.96725,-2.63611,-3.72987,-1.89602
2.99595,-2.70201,-3.79416,-1.94967
3.01872,-2.76898,-3.85902,-2.00368
3.04168,-2.84187,-3.92951,-2.06225
3.07169,-2.91028,-3.99556,-2.11701
3.10026,-2.97978,-4.06219,-2.17212
3.12993,-3.05524,-4.13457,-2.23188
3.15344,-3.12641,-4.20238,-2.28774
3.18114,-3.19827,-4.27076,-2.34397
3.20094,-3.27097,-4.33973,-2.40056
3.2196,-3.34449,-4.40927,-2.45754
3.24987,-3.42457,-4.48481,-2.51931
3.27806,-3.5046,-4.56102,-2.58149
3.3023,-3.57581,-4.62687,-2.63513
3.32337,-3.6586,-4.70432,-2.69808
3.3468,-3.73631,-4.77685,-2.75692
3.36938,-3.81483,-4.84996,-2.81614
3.39483,-3.89417,-4.92364,-2.87571
3.42019,-3.98041,-5.00365,-2.94028
3.44423,-4.06146,-5.07857,-3.00064
3.46683,-4.14344,-5.15408,-3.06137
3.49232,-4.23247,-5.23605,-3.12718
3.51424,-4.31499,-5.31277,-3.18867
3.53169,-4.40034,-5.39008,-3.25054
3.55678,-4.49209,-5.47401,-3.31758
3.58855,-4.58478,-5.55862,-3.38503
3.61106,-4.67169,-5.6378,-3.448
3.6357,-4.7594,-5.71757,-3.51135
3.66299,-4.84778,-5.79795,-3.57509
3.69397,-4.94402,-5.88518,-3.64417
3.72409,-5.03435,-5.96679,-3.70871
3.74208,-5.11831,-6.04265,-3.76861
3.7715,-5.22412,-6.13819,-3.84391
3.7956,-5.30979,-6.2152,-3.90451
3.81543,-5.40224,-6.29922,-3.97052
3.83347,-5.49751,-6.38383,-4.0369
3.85794,-5.59992,-6.47561,-4.1088
3.88352,-5.70326,-6.56812,-4.18113
3.91151,-5.79991,-6.65463,-4.24868
3.93829,-5.9052,-6.74849,-4.32185
3.96176,-6.00267,-6.83626,-4.39017
3.9908,-6.10297,-6.92463,-4.45884
4.01641,-6.20309,-7.01362,-4.52789
4.04811,-6.30401,-7.10321,-4.59729
4.07029,-6.4136,-7.20038,-4.67243
4.09468,-6.51621,-7.29124,-4.74258
4.12234,-6.61961,-7.38269,-4.81309
4.15359,-6.73172,-7.48186,-4.88943
4.17964,-6.83679,-7.5746,-4.96072
4.21042,-6.94267,-7.66795,-5.03236
4.23925,-7.05761,-7.76917,-5.10994
4.27022,-7.16531,-7.8638,-5.18236
4.30261,-7.27369,-7.95906,-5.25514
4.32302,-7.38286,-8.05492,-5.32829
4.34309,-7.49282,-8.1514,-5.4018
4.36272,-7.60358,-8.2485,-5.4757
4.38271,-7.72378,-8.35377,-5.5557
4.41081,-7.84492,-8.45976,-5.63614
4.43753,-7.95824,-8.55884,-5.71123
4.46758,-8.08117,-8.66623,-5.79248
4.48968,-8.19616,-8.7666,-5.8683
4.51912,-8.31196,-8.8676,-5.94449
4.55185,-8.42856,-8.96922,-6.02104
4.5751,-8.55503,-9.07936,-6.10389
4.59906,-8.6723,-9.18228,-6.1812
4.62716,-8.79239,-9.28583,-6.25888
4.65125,-8.91217,-9.39002,-6.33695
4.68256,-9.04232,-9.50293,-6.42144
4.71348,-9.16375,-9.60841,-6.50027
4.74476,-9.28626,-9.71453,-6.57947
4.77328,-9.41894,-9.82953,-6.66517
4.8034,-9.54297,-9.93699,-6.74513
4.83282,-9.6678,-10.0451,-6.82544
4.86294,-9.79242,-10.1538,-6.90609
4.88588,-9.92948,-10.2715,-6.99337
4.91094,-10.0568,-10.3816,-7.07483
4.93558,-10.1849,-10.4922,-7.15667
4.95725,-10.3239,-10.6121,-7.2452
4.98023,-10.4537,-10.7241,-7.32779
-1,-1,-1,-1
0.015175,0.00121099,-0.212991,1.35262
0.039209,0.000662942,-0.213604,1.35277
0.064644,0.00116609,-0.2143,1.35304
0.09173,0.00223554,-0.214908,1.35347
0.116668,0.00329466,-0.215555,1.35399
0.14698,0.00369564,-0.216342,1.35456
0.169611,0.00687846,-0.217311,1.35498
0.199553,0.00846474,-0.218389,1.35551
0.227746,0.0116101,-0.219559,1.35598
0.256385,0.0140137,-0.220905,1.35636
0.28666,0.0169783,-0.222744,1.35639
0.312586,0.0178688,-0.225334,1.35605
0.334923,0.0207934,-0.228245,1.3555
0.356001,0.0214801,-0.231201,1.35456
0.384151,0.0247008,-0.234888,1.35357
0.41214,0.0271992,-0.238484,1.35229
0.432874,0.0298239,-0.242656,1.35083
0.460109,0.0322246,-0.247503,1.34854
0.487885,0.0344927,-0.25267,1.34597
0.515969,0.0359915,-0.258259,1.34301
0.546132,0.0379102,-0.264536,1.33953
0.573331,0.0392505,-0.270556,1.33637
0.592329,0.0427937,-0.276827,1.33303
0.620128,0.0443541,-0.284004,1.32877
0.650986,0.0460117,-0.291151,1.32428
0.678967,0.0467536,-0.298914,1.31932
0.709136,0.0472531,-0.307185,1.31382
0.736861,0.0469262,-0.316374,1.30765
0.763994,0.0475533,-0.325512,1.3016
0.787195,0.0473899,-0.335079,1.29474
0.818035,0.0509606,-0.345998,1.28668
0.845672,0.047671,-0.356659,1.27859
0.870126,0.0452325,-0.3677,1.26997
0.894162,0.0428243,-0.379984,1.26042
0.920395,0.0411816,-0.391671,1.25108
0.947427,0.0404245,-0.403926,1.2413
0.971732,0.0387651,-0.417506,1.23019
0.998506,0.032409,-0.430864,1.21926
1.02675,0.0265642,-0.444475,1.20754
1.05579,0.0191198,-0.459918,1.19427
1.07717,0.0159577,-0.474766,1.1812
1.10763,0.0120913,-0.490248,1.16753
1.13342,0.00540383,-0.507268,1.15206
1.16233,-0.00125109,-0.523651,1.13735
1.19372,-0.0117336,-0.540219,1.12195
1.22212,-0.0195967,-0.558933,1.1048
1.25126,-0.0302616,-0.576774,1.08794
1.27883,-0.037112,-0.595287,1.07044
1.30874,-0.0504969,-0.615578,1.05076
1.34044,-0.0624558,-0.63494,1.03193
1.36985,-0.075111,-0.654579,1.01272
1.39131,-0.090929,-0.676151,0.991485
1.41845,-0.102325,-0.696958,0.971136
1.44798,-0.117893,-0.718072,0.949776
1.47336,-0.131422,-0.739768,0.927725
1.50152,-0.153033,-0.763472,0.903217
1.52899,-0.172565,-0.786012,0.879954
1.55481,-0.190529,-0.808909,0.856206
1.58497,-0.213462,-0.83415,0.83
1.60926,-0.229069,-0.857999,0.805043
1.64066,-0.253625,-0.882202,0.779402
1.66288,-0.280114,-0.908872,0.750906
1.69439,-0.305039,-0.934074,0.723706
1.71767,-0.329569,-0.959796,0.696058
1.74981,-0.358793,-0.987726,0.665704
1.78246,-0.383509,-1.01415,0.637025
1.80786,-0.413904,-1.04079,0.60773
1.83269,-0.44244,-1.06998,0.575689
1.86274,-0.474386,-1.09722,0.545525
1.88809,-0.504308,-1.12477,0.515068
1.91367,-0.538841,-1.15248,0.484099
1.92763,-0.570065,-1.17845,0.454933
1.93775,-0.604198,-1.20678,0.422794
1.96412,-0.646105,-1.23966,0.385553
1.99197,-0.685044,-1.27049,0.35067
2.02187,-0.721968,-1.2994,0.317859
2.05063,-0.758727,-1.32851,0.284598
2.07775,-0.800671,-1.36012,0.248313
2.10866,-0.841619,-1.38968,0.214265
2.13923,-0.882354,-1.41942,0.179962
2.17136,-0.92594,-1.45161,0.142739
2.19543,-0.968006,-1.48172,0.107788
2.22655,-1.01262,-1.51204,0.0723649
2.24475,-1.05541,-1.54258,0.0365536
2.27532,-1.10512,-1.57568,-0.00231569
2.30718,-1.15086,-1.60661,-0.038626
2.33785,-1.20085,-1.64014,-0.0780312
2.36684,-1.24713,-1.67147,-0.114983
2.39527,-1.29603,-1.70299,-0.152353
2.42802,-1.34991,-1.73714,-0.193101
2.45573,-1.39953,-1.76905,-0.231349
2.48335,-1.45168,-1.80115,-0.269909
2.50962,-1.504,-1.83348,-0.30871
2.53349,-1.5565,-1.86605,-0.347744
2.55343,-1.60952,-1.89882,-0.387039
2.5778,-1.66667,-1.93426,-0.429754
2.60516,-1.72236,-1.96737,-0.469909
2.62843,-1.78005,-2.00073,-0.510532
2.65468,-1.84124,-2.03693,-0.55463
2.68009,-1.90263,-2.07333,-0.598967
2.71051,-1.96114,-2.1073,-0.640461
2.73155,-2.02234,-2.14149,-0.682419
2.75386,-2.08265,-2.17593,-0.724825
2.78337,-2.14934,-2.21326,-0.770801
2.81446,-2.21148,-2.24812,-0.813634
2.84231,-2.27431,-2.28318,-0.856686
2.87095,-2.34314,-2.32118,-0.903481
2.89755,-2.40675,-2.35669,-0.94746
2.92711,-2.47394,-2.39242,-0.991896
2.95896,-2.54441,-2.43113,-1.0401
2.98267,-2.61212,-2.46729,-1.08508
3.00923,-2.68536,-2.50648,-1.13384
3.03845,-2.7545,-2.54311,-1.17949
3.06796,-2.82451,-2.57995,-1.2255
3.08803,-2.89536,-2.61698,-1.27184
3.11482,-3.0004,-2.67147,-1.34014
3.1377,-3.08459,-2.71481,-1.39461
3.16112,-3.15898,-2.75262,-1.44222
3.18466,-3.23314,-2.79064,-1.49016
3.21167,-3.30862,-2.82886,-1.53838
3.24026,-3.39086,-2.87025,-1.59067
3.2673,-3.46813,-2.90891,-1.63959
3.29534,-3.54623,-2.9478,-1.68886
3.32761,-3.63123,-2.98994,-1.74229
3.35072,-3.71207,-3.02929,-1.79222
3.37001,-3.78525,-3.06581,-1.83861
3.39556,-3.87287,-3.10865,-1.89312
3.41662,-3.95567,-3.14867,-1.94411
3.43871,-4.04468,-3.19201,-1.99938
3.47081,-4.12866,-3.23247,-2.051
3.50117,-4.22002,-3.27628,-2.10694
3.52867,-4.30574,-3.31719,-2.15926
3.55585,-4.39228,-3.35834,-2.21193
3.58375,-4.4796,-3.39973,-2.26494
3.611,-4.57452,-3.44454,-2.32235
3.64103,-4.66352,-3.48639,-2.37599
3.66906,-4.75335,-3.52849,-2.42999
3.69781,-4.85103,-3.57408,-2.48854
3.72731,-4.94258,-3.61665,-2.54326
3.75445,-5.035,-3.65945,-2.59831
3.77881,-5.12824,-3.70248,-2.65371
3.8013,-5.22231,-3.74576,-2.70946
3.82498,-5.32449,-3.79263,-2.76986
3.84757,-5.42023,-3.8364,-2.82627
3.87338,-5.51679,-3.88039,-2.883
3.89385,-5.61418,-3.92461,-2.94006
3.92133,-5.71236,-3.96907,-2.99746
3.94467,-5.819,-4.01719,-3.05965
3.96575,-5.91888,-4.06211,-3.11775
3.99132,-6.01961,-4.10727,-3.17623
4.01018,-6.12903,-4.15617,-3.2396
4.03289,-6.23148,-4.20183,-3.29878
4.0621,-6.34272,-4.25125,-3.36285
4.07982,-6.44686,-4.29739,-3.42269
4.10291,-6.55182,-4.34378,-3.48289
4.12592,-6.66577,-4.39403,-3.54808
4.15499,-6.77238,-4.44093,-3.60893
4.1844,-6.88807,-4.49171,-3.67477
4.20796,-6.99634,-4.53913,-3.73626
4.2384,-7.10545,-4.58679,-3.79811
4.26978,-7.21536,-4.63468,-3.8603
4.29093,-7.33463,-4.68652,-3.92766
4.31516,-7.44622,-4.73491,-3.99055
4.34008,-7.55862,-4.78356,-4.05379
4.36913,-7.67184,-4.83245,-4.11737
4.3943,-7.79468,-4.88537,-4.18619
4.42801,-7.90959,-4.93476,-4.25043
4.45604,-8.0253,-4.98439,-4.315
4.48353,-8.15081,-5.0381,-4.38492
4.5093,-8.26817,-5.08824,-4.45018
4.54014,-8.38635,-5.13862,-4.51578
4.56877,-8.51454,-5.19314,-4.58682
4.6,-8.63443,-5.24404,-4.65316
4.62798,-8.75512,-5.29519,-4.71984
4.65077,-8.86724,-5.34263,-4.78167
4.66952,-8.99892,-5.39824,-4.85413
4.68671,-9.12205,-5.45015,-4.92176
4.70487,-9.246,-5.50232,-4.98973
4.72751,-9.38036,-5.55881,-5.06333
4.74982,-9.51562,-5.61559,-5.1373
4.77677,-9.64206,-5.66858,-5.20636
4.80511,-9.76931,-5.72183,-5.27577
4.82872,-9.90728,-5.77947,-5.35093
4.85692,-10.0362,-5.83327,-5.42105
4.87812,-10.1659,-5.88731,-5.49145
4.90634,-10.2965,-5.94161,-5.56218
4.92988,-10.438,-6.00037,-5.63872
4.95676,-10.5702,-6.05521,-5.71017
4.9822,-10.7032,-6.11032,-5.78195
-1,-1,-1,-1
0.021739,0.00119282,-0.161181,1.40083
0.051467,0.000518559,-0.161155,1.39979
0.075392,0.00157218,-0.161185,1.39874
0.10628,0.00178604,-0.161174,1.39766
0.138735,0.00207901,-0.161067,1.39652
0.168304,0.00237402,-0.160933,1.39542
0.197991,0.00213599,-0.160855,1.39423
0.22747,0.00294024,-0.160818,1.39287
0.255812,0.00209467,-0.160746,1.39162
0.277837,0.00242253,-0.160584,1.39041
0.309905,0.00281869,-0.160367,1.38908
0.336749,0.00381633,-0.16019,1.38777
0.359998,0.00474038,-0.160031,1.38635
0.389785,0.00517388,-0.159838,1.38478
0.413758,0.00557044,-0.159626,1.38331
0.442128,0.00596431,-0.159405,1.38182
0.470667,0.00639313,-0.15917,1.38014
0.500003,0.00681234,-0.158944,1.37856
0.527721,0.00726604,-0.158674,1.37697
0.559726,0.00664328,-0.158345,1.37537
0.587811,0.00835587,-0.157956,1.3736
0.617404,0.00890872,-0.157598,1.37187
0.642367,0.00945591,-0.157242,1.37007
0.674773,0.0100516,-0.156842,1.36807
0.703588,0.0106386,-0.156429,1.3662
0.728996,0.011254,-0.155973,1.36433
0.756949,0.0110452,-0.155463,1.36229
0.782413,0.012277,-0.154973,1.36033
0.81354,0.0132158,-0.154482,1.35828
0.835632,0.0136976,-0.154024,1.35593
0.866863,0.014899,-0.153721,1.35313
0.897804,0.0157399,-0.153416,1.35051
0.927018,0.0152813,-0.152912,1.34786
0.959028,0.0175585,-0.152314,1.34543
0.989724,0.0182448,-0.151756,1.3428
1.02065,0.0158479,-0.151418,1.33969
1.04539,0.0157456,-0.151181,1.33663
1.07583,0.013322,-0.150927,1.33356
1.10436,0.0101014,-0.150327,1.3306
1.13374,0.0117454,-0.149453,1.32741
1.16167,0.0122649,-0.148739,1.32421
1.18592,0.0113766,-0.148243,1.321
1.21181,0.0106186,-0.147521,1.31753
1.237,0.00887269,-0.146708,1.31416
1.26466,0.00642681,-0.145823,1.31043
1.29084,0.00923793,-0.1448,1.30633
1.31536,0.0128045,-0.143562,1.30268
1.33633,0.00992,-0.142298,1.29921
1.36064,0.00909798,-0.140855,1.29534
1.38774,0.00711707,-0.13936,1.29139
1.41605,0.00858686,-0.137543,1.28725
1.44051,0.0104779,-0.135184,1.28294
1.46524,0.0129499,-0.132664,1.27917
1.48932,0.0132586,-0.129822,1.27558
1.50928,0.0134464,-0.12658,1.272
1.53195,0.0141317,-0.122681,1.26811
1.55898,0.0155904,-0.118784,1.26463
1.59075,0.0218804,-0.114159,1.26059
1.61518,0.0260159,-0.109534,1.25666
1.63996,0.030245,-0.10486,1.25273
1.6683,0.0319301,-0.100067,1.24886
1.69651,0.0347402,-0.094373,1.24457
1.71935,0.0387028,-0.0882111,1.24063
1.74329,0.0452214,-0.0809076,1.23684
1.77226,0.0506186,-0.0739245,1.23332
1.79531,0.0591781,-0.0664393,1.22939
1.82429,0.0632151,-0.0587716,1.22552
1.85284,0.0718646,-0.0499547,1.22138
1.87255,0.0779261,-0.0419444,1.21774
1.89745,0.0893189,-0.0319248,1.2138
1.91451,0.0968895,-0.0223009,1.21019
1.94183,0.105506,-0.0117465,1.2059
1.97396,0.116535,-0.00149583,1.20153
1.999,0.126096,0.0100707,1.197
2.02355,0.140169,0.0217075,1.19307
2.05033,0.153842,0.0342797,1.18949
2.07338,0.169577,0.0484402,1.18605
2.09056,0.18079,0.0611409,1.1829
2.10977,0.193691,0.0764728,1.17904
2.14093,0.210599,0.0926286,1.17525
2.16987,0.223465,0.108144,1.17166
2.19284,0.243362,0.124323,1.16794
2.22449,0.261833,0.140752,1.16447
2.25558,0.280037,0.158897,1.16058
2.27624,0.298817,0.176727,1.15707
2.3057,0.318921,0.19721,1.15396
2.32956,0.34075,0.217278,1.15173
2.36345,0.360617,0.237866,1.14935
2.39132,0.385397,0.260824,1.1464
2.41746,0.407807,0.282823,1.14393
2.43893,0.430281,0.305694,1.14201
2.47141,0.456269,0.331581,1.14007
2.50079,0.482217,0.356574,1.13831
2.5236,0.50536,0.38221,1.137
2.54596,0.531299,0.41074,1.13589
2.56844,0.557442,0.438206,1.13496
2.59082,0.585457,0.466427,1.13407
2.61932,0.615141,0.495257,1.1333
2.6517,0.646503,0.52724,1.13265
2.67964,0.676062,0.557918,1.13216
2.71227,0.706476,0.589249,1.1319
2.74,0.738754,0.621229,1.13155
2.77044,0.773056,0.656317,1.13118
2.79933,0.805368,0.68982,1.13105
2.83187,0.841652,0.727122,1.13136
2.85375,0.873973,0.762673,1.13192
2.88363,0.90631,0.798866,1.1325
2.91307,0.943891,0.838823,1.13323
2.94156,0.979958,0.877044,1.13419
2.97062,1.01764,0.916236,1.13548
2.99275,1.05803,0.959326,1.13703
3.02114,1.0958,1.00011,1.13849
3.04536,1.13431,1.0418,1.14006
3.07512,1.17491,1.08441,1.14185
3.10184,1.2181,1.13135,1.14418
3.12482,1.25877,1.1759,1.14666
3.14765,1.29962,1.22137,1.1493
3.17519,1.34588,1.27133,1.15226
3.20694,1.38892,1.31871,1.15521
3.23654,1.43253,1.36702,1.15846
3.26585,1.4803,1.42004,1.16216
3.29546,1.52479,1.47012,1.1657
3.31472,1.57089,1.52107,1.16941
3.33536,1.61982,1.57705,1.17368
3.35761,1.66765,1.63005,1.17791
3.37796,1.71545,1.68392,1.1823
3.40341,1.76378,1.73863,1.18684
3.43207,1.8164,1.79856,1.192
3.44872,1.86141,1.85083,1.19667
3.4631,1.91172,1.90838,1.20194
3.48893,1.97152,1.97587,1.20822
3.51047,2.02322,2.03528,1.21381
3.53775,2.0795,2.10028,1.22003
3.56685,2.1326,2.16164,1.22602
3.59065,2.18649,2.22391,1.23222
3.62136,2.24089,2.28705,1.23862
3.6498,2.29945,2.35607,1.24574
3.67872,2.35513,2.42118,1.25259
3.70576,2.41168,2.48727,1.25965
3.72943,2.47423,2.55942,1.26747
3.75206,2.52763,2.62207,1.27433
3.77479,2.59063,2.69613,1.28254
3.80216,2.65441,2.7713,1.291
3.82365,2.7143,2.84206,1.29906
3.85165,2.77482,2.91368,1.3073
3.88146,2.84075,2.99183,1.31639
3.90422,2.90176,3.06541,1.32508
3.92947,2.96439,3.13998,1.33402
3.95965,3.03338,3.2213,1.34389
3.98373,3.09749,3.29773,1.35322
4.00714,3.16214,3.37508,1.36274
4.03148,3.22731,3.45336,1.37245
4.05926,3.29848,3.53869,1.38309
4.08662,3.36514,3.61883,1.39314
4.11059,3.43159,3.69992,1.40339
4.14185,3.50493,3.78837,1.41471
4.17149,3.5745,3.87147,1.42549
4.19878,3.64401,3.95547,1.4365
4.22165,3.71947,4.04691,1.44857
4.2453,3.7901,4.13281,1.45997
4.27436,3.86161,4.21965,1.47157
4.30309,3.93921,4.31417,1.48423
4.32995,4.01199,4.40287,1.49611
4.35552,4.08535,4.49253,1.50819
4.38543,4.16441,4.59023,1.5215
4.41258,4.24009,4.68196,1.53412
4.44291,4.31576,4.77459,1.54692
4.46541,4.39198,4.86814,1.55987
4.48921,4.47467,4.96994,1.57404
4.51849,4.55223,5.06546,1.5874
4.53936,4.63662,5.16934,1.60198
4.57008,4.71556,5.26671,1.61571
4.59318,4.79504,5.36504,1.62967
4.61449,4.87452,5.46437,1.6439
4.63852,4.96267,5.5724,1.65945
4.66526,5.04436,5.67361,1.67402
4.68507,5.12599,5.77576,1.68877
4.71545,5.21532,5.8869,1.70495
4.74777,5.29986,5.99111,1.72027
4.77031,5.38435,6.09616,1.73575
4.78884,5.46867,6.20208,1.75136
4.81223,5.55431,6.30901,1.7672
4.83783,5.64745,6.42533,1.78457
4.86662,5.7423,6.54274,1.80215
4.893,5.83022,6.65265,1.81857
4.92162,5.91881,6.76349,1.83515
4.9499,6.01404,6.88399,1.85329
4.97812,6.10485,6.99691,1.8704
-1,-1,-1,-1
